0.01250,1701,-0.00587
0.02501,1703,-0.00587
0.03750,1704,-0.00587
0.05000,1706,0.04301
0.06250,1707,-0.05474
0.07500,1709,0.04301
0.08750,1710,-0.00587
0.10000,1712,-0.00587
0.11250,1714,-0.00587
0.12500,1715,0.04301
0.13750,1717,-0.00587
0.15000,1718,-0.39687
0.16250,1720,-0.39687
0.17500,1721,-0.29912
0.18750,1723,-0.20137
0.20000,1725,-0.10362
0.21250,1726,-0.15249
0.22500,1728,-0.15249
0.23750,1729,-0.05474
0.25000,1731,-0.15249
0.26250,1732,-0.05474
0.27500,1734,-0.05474
0.28750,1735,-0.49462
0.30000,1737,-0.34800
0.31250,1739,-0.44575
0.32500,1740,-0.69013
0.33750,1742,-1.42327
0.35000,1743,-1.76540
0.36250,1745,-1.37439
0.37500,1746,-2.69404
0.38750,1748,-2.64516
0.40000,1749,-3.23167
0.41250,1751,-3.32942
0.42500,1752,-3.08504
0.43750,1754,-3.03617
0.45000,1755,-3.32942
0.46251,1757,-3.03617
0.47500,1758,-3.28055
0.48750,1760,-2.54741
0.50000,1761,-3.13392
0.51250,1763,-3.52493
0.52500,1764,-2.15640
0.53750,1766,-3.28055
0.55000,1767,-3.32942
0.56250,1769,-3.37830
0.57500,1770,-3.28055
0.58750,1772,-3.32942
0.60000,1773,-3.52493
0.61250,1775,-3.52493
0.62500,1776,-3.52493
0.63750,1777,-3.47605
0.65000,1779,-3.18280
0.66250,1780,-2.59629
0.67501,1782,-3.47605
0.68750,1783,-3.47605
0.70000,1785,-3.67155
0.71250,1786,-3.52493
0.72500,1787,-3.52493
0.73750,1789,-3.62268
0.75000,1790,-3.57380
0.76250,1792,-3.47605
0.77500,1793,-3.81818
0.78750,1794,-3.52493
0.80000,1796,-3.62268
0.81250,1797,-3.86706
0.82500,1799,-3.62268
0.83750,1800,-3.62268
0.85000,1801,-2.74291
0.86250,1803,-2.69404
0.87500,1804,-3.86706
0.88750,1805,-3.96481
0.90000,1807,-4.20919
0.91250,1808,-3.96481
0.92500,1809,-3.91593
0.93750,1811,-3.96481
0.95000,1812,-3.86706
0.96250,1813,-3.86706
0.97500,1814,-3.96481
0.98750,1816,-3.08504
1.00000,1817,-4.20919
1.01250,1818,-4.20919
1.02500,1820,-4.25806
1.03750,1821,-3.91593
1.05000,1822,-3.91593
1.06250,1823,-4.16031
1.07500,1825,-3.28055
1.08750,1826,-4.35582
1.10000,1827,-4.30694
1.11250,1828,-4.30694
1.12500,1829,-4.01369
1.13750,1831,-4.01369
1.15000,1832,-4.25806
1.16250,1833,-3.23167
1.17500,1834,-4.16031
1.18750,1835,-4.55132
1.20000,1836,-4.60020
1.21250,1838,-4.30694
1.22500,1839,-4.20919
1.23750,1840,-4.20919
1.25000,1841,-4.16031
1.26250,1842,-4.25806
1.27500,1843,-4.25806
1.28750,1844,-3.32942
1.30001,1845,-4.45357
1.31250,1846,-4.55132
1.32500,1847,-4.74682
1.33750,1848,-4.45357
1.35001,1850,-4.30694
1.36250,1851,-4.45357
1.37500,1852,-3.81818
1.38750,1853,-4.11144
1.40001,1854,-4.40469
1.41250,1855,-4.35582
1.42500,1856,-4.35582
1.43750,1857,-3.32942
1.45000,1858,-3.37830
1.46250,1858,-3.91593
1.47500,1859,-4.30694
1.48750,1860,-4.01369
1.50000,1861,-4.64907
1.51250,1862,-4.25806
1.52500,1863,-4.55132
1.53750,1864,-4.69795
1.55000,1865,-4.60020
1.56250,1866,-4.35582
1.57500,1867,-4.55132
1.58750,1868,-3.72043
1.60000,1868,-3.62268
1.61250,1869,-3.47605
1.62500,1870,-4.69795
1.63750,1871,-4.50244
1.65000,1872,-4.55132
1.66250,1872,-4.60020
1.67501,1873,-4.45357
1.68750,1874,-4.11144
1.70000,1875,-4.25806
1.71250,1876,-4.84457
1.72500,1876,-4.45357
1.73750,1877,-2.98729
1.75000,1878,-4.16031
1.76250,1878,-4.50244
1.77500,1879,-4.30694
1.78750,1880,-4.55132
1.80000,1880,-4.99120
1.81250,1881,-4.79570
1.82500,1882,-3.62268
1.83750,1882,-3.57380
1.85000,1883,-4.50244
1.86250,1884,-3.28055
1.87500,1884,-4.89345
1.88750,1885,-4.16031
1.90000,1885,-3.52493
1.91250,1886,-3.28055
1.92500,1887,-4.74682
1.93750,1887,-4.94233
1.95000,1888,-3.62268
1.96250,1888,-4.60020
1.97500,1889,-4.55132
1.98750,1889,-5.04008
2.00000,1890,-3.67155
2.01250,1890,-4.69795
2.02501,1891,-4.64907
2.03750,1891,-5.04008
2.05000,1892,-4.74682
2.06250,1892,-4.01369
2.07500,1892,-3.47605
2.08750,1893,-4.45357
2.10000,1893,-4.79570
2.11250,1894,-4.60020
2.12500,1894,-5.04008
2.13750,1894,-3.67155
2.15000,1895,-4.69795
2.16250,1895,-5.08895
2.17500,1895,-3.57380
2.18750,1896,-4.79570
2.20000,1896,-3.91593
2.21250,1896,-3.62268
2.22500,1897,-4.55132
2.23750,1897,-3.91593
2.25000,1897,-4.55132
2.26250,1897,-3.18280
2.27500,1898,-3.67155
2.28750,1898,-3.86706
2.30000,1898,-4.79570
2.31250,1898,-4.89345
2.32500,1898,-4.74682
2.33750,1898,-4.74682
2.35000,1899,-4.11144
2.36250,1899,-3.28055
2.37500,1899,-4.35582
2.38750,1899,-4.64907
2.40000,1899,-4.60020
2.41250,1899,-4.50244
2.42500,1899,-4.16031
2.43750,1899,-3.72043
2.45000,1899,-4.55132
2.46251,1899,-4.84457
2.47500,1899,-4.45357
2.48750,1899,-3.28055
2.50000,1900,-3.23167
2.51250,1899,-4.55132
2.52500,1899,-4.55132
2.53750,1899,-4.74682
2.55001,1899,-4.69795
2.56250,1899,-4.45357
2.57500,1899,-4.64907
2.58750,1899,-4.01369
2.60000,1899,-4.35582
2.61250,1899,-3.13392
2.62500,1899,-3.08504
2.63750,1899,-4.20919
2.65000,1899,-4.35582
2.66251,1898,-3.67155
2.67500,1898,-3.23167
2.68750,1898,-3.62268
2.70000,1898,-4.50244
2.71250,1898,-4.55132
2.72500,1898,-4.64907
2.73750,1897,-4.50244
2.75000,1897,-4.89345
2.76250,1897,-4.55132
2.77500,1897,-3.86706
2.78750,1896,-3.18280
2.80000,1896,-3.32942
2.81250,1896,-4.55132
2.82500,1895,-4.55132
2.83751,1895,-4.99120
2.85000,1895,-3.96481
2.86250,1894,-3.03617
2.87500,1894,-4.45357
2.88750,1894,-4.55132
2.90000,1893,-4.20919
2.91250,1893,-4.30694
2.92500,1892,-4.60020
2.93750,1892,-4.01369
2.95000,1892,-4.84457
2.96250,1891,-3.86706
2.97500,1891,-4.30694
2.98750,1890,-4.40469
3.00000,1890,-3.47605
3.01251,1889,-3.96481
3.02500,1889,-3.18280
3.03750,1888,-3.57380
3.05000,1888,-4.60020
3.06250,1887,-3.67155
3.07500,1887,-4.50244
3.08750,1886,-2.64516
3.10000,1885,-4.79570
3.11250,1885,-4.16031
3.12500,1884,-4.30694
3.13750,1884,-2.69404
3.15000,1883,-4.64907
3.16250,1882,-4.35582
3.17500,1882,-3.62268
3.18750,1881,-3.42717
3.20000,1880,-4.01369
3.21250,1880,-4.50244
3.22500,1879,-3.03617
3.23750,1878,-3.86706
3.25000,1878,-4.20919
3.26250,1877,-4.11144
3.27500,1876,-4.55132
3.28750,1876,-4.50244
3.30000,1875,-3.37830
3.31250,1874,-4.20919
3.32500,1873,-2.69404
3.33750,1872,-4.55132
3.35000,1872,-4.50244
3.36251,1871,-4.06256
3.37500,1870,-3.67155
3.38750,1869,-4.25806
3.40000,1868,-3.32942
3.41250,1868,-4.30694
3.42500,1867,-4.30694
3.43750,1866,-4.16031
3.45000,1865,-2.84066
3.46250,1864,-4.11144
3.47500,1863,-3.28055
3.48750,1862,-4.25806
3.50000,1861,-3.91593
3.51250,1860,-4.01369
3.52500,1859,-2.88954
3.53750,1858,-3.91593
3.55000,1858,-3.23167
3.56251,1857,-2.84066
3.57500,1856,-3.13392
3.58750,1855,-4.25806
3.60000,1854,-4.25806
3.61250,1853,-4.35582
3.62500,1852,-3.96481
3.63750,1851,-3.86706
3.65000,1850,-3.72043
3.66250,1848,-3.76930
3.67500,1847,-3.03617
3.68750,1846,-2.84066
3.70000,1845,-3.76930
3.71250,1844,-4.01369
3.72500,1843,-4.01369
3.73750,1842,-3.57380
3.75000,1841,-3.91593
3.76250,1840,-3.72043
3.77500,1839,-2.79179
3.78750,1838,-4.06256
3.80000,1836,-3.76930
3.81250,1835,-3.81818
3.82500,1834,-2.49853
3.83750,1833,-3.62268
3.85000,1832,-2.88954
3.86250,1831,-3.57380
3.87500,1829,-3.81818
3.88750,1828,-3.76930
3.90000,1827,-3.96481
3.91250,1826,-3.37830
3.92500,1825,-3.57380
3.93750,1823,-3.76930
3.95000,1822,-3.47605
3.96250,1821,-3.37830
3.97500,1820,-2.93842
3.98750,1818,-3.86706
4.00000,1817,-2.88954
4.01250,1816,-2.64516
4.02500,1815,-3.57380
4.03750,1813,-3.37830
4.05000,1812,-3.37830
4.06250,1811,-3.37830
4.07500,1809,-2.15640
4.08750,1808,-3.42717
4.10000,1807,-3.37830
4.11250,1805,-3.52493
4.12500,1804,-3.42717
4.13750,1803,-3.47605
4.15000,1801,-3.37830
4.16250,1800,-3.57380
4.17500,1799,-3.37830
4.18750,1797,-3.52493
4.20000,1796,-3.32942
4.21250,1794,-3.47605
4.22500,1793,-3.32942
4.23750,1792,-3.03617
4.25000,1790,-3.32942
4.26250,1789,-2.54741
4.27500,1787,-3.42717
4.28750,1786,-3.03617
4.30000,1785,-3.52493
4.31250,1783,-3.08504
4.32500,1782,-2.74291
4.33750,1780,-3.08504
4.35000,1779,-2.98729
4.36250,1777,-3.03617
4.37500,1776,-3.08504
4.38750,1775,-3.03617
4.40000,1773,-2.54741
4.41250,1772,-3.32942
4.42500,1770,-2.93842
4.43750,1769,-2.93842
4.45000,1767,-2.25415
4.46250,1766,-3.03617
4.47500,1764,-3.08504
4.48750,1763,-2.84066
4.50001,1761,-2.79179
4.51250,1760,-2.88954
4.52500,1758,-2.69404
4.53750,1757,-2.69404
4.55000,1755,-2.84066
4.56250,1754,-2.25415
4.57500,1752,-2.59629
4.58750,1751,-2.74291
4.60000,1749,-2.49853
4.61250,1748,-2.49853
4.62500,1746,-2.69404
4.63750,1745,-2.49853
4.65000,1743,-2.49853
4.66250,1742,-2.59629
4.67500,1740,-2.44966
4.68750,1739,-2.35191
4.70000,1737,-2.44966
4.71250,1735,-2.25415
4.72500,1734,-2.30303
4.73750,1732,-2.54741
4.75000,1731,-2.49853
4.76250,1729,-2.20528
4.77500,1728,-2.10753
4.78750,1726,-2.35191
4.80001,1725,-2.44966
4.81250,1723,-2.10753
4.82500,1721,-2.05865
4.83750,1720,-2.25415
4.85000,1718,-2.15640
4.86250,1717,-2.05865
4.87500,1715,-2.05865
4.88750,1714,-1.96090
4.90000,1712,-2.15640
4.91250,1710,-2.15640
4.92500,1709,-1.81427
4.93750,1707,-2.25415
4.95000,1706,-1.81427
4.96250,1704,-2.05865
4.97500,1703,-2.10753
4.98750,1701,-1.52102
5.00000,1700,-1.96090
5.01250,1699,-1.76540
5.02501,1697,-1.76540
5.03750,1696,-1.91202
5.05000,1694,-1.76540
5.06250,1693,-1.61877
5.07500,1691,-1.66764
5.08750,1690,-1.52102
5.10000,1688,-1.61877
5.11250,1686,-1.47214
5.12500,1685,-1.56989
5.13750,1683,-1.47214
5.15000,1682,-1.52102
5.16250,1680,-1.56989
5.17500,1679,-1.37439
5.18750,1677,-1.37439
5.20000,1675,-1.47214
5.21250,1674,-1.42327
5.22501,1672,-1.42327
5.23751,1671,-1.37439
5.25000,1669,-1.32551
5.26250,1668,-1.37439
5.27500,1666,-1.32551
5.28751,1665,-1.27664
5.30000,1663,-1.17889
5.31250,1661,-1.37439
5.32500,1660,-1.27664
5.33750,1658,-1.32551
5.35000,1657,-1.13001
5.36250,1655,-1.13001
5.37500,1654,-1.22776
5.38750,1652,-1.08114
5.40000,1651,-1.13001
5.41250,1649,-0.69013
5.42500,1648,-0.98338
5.43750,1646,-1.08114
5.45000,1645,-0.59237
5.46250,1643,-1.08114
5.47500,1642,-0.69013
5.48750,1640,-0.98338
5.50000,1639,-0.83676
5.51250,1637,-0.73900
5.52500,1636,-0.83676
5.53750,1634,-0.88563
5.55000,1633,-0.88563
5.56250,1631,-0.83676
5.57500,1630,-0.83676
5.58751,1628,-0.73900
5.60001,1627,-0.83676
5.61250,1625,-0.64125
5.62500,1624,-0.78788
5.63750,1623,-0.49462
5.65000,1621,-0.64125
5.66250,1620,-0.64125
5.67500,1618,-0.59237
5.68750,1617,-0.54350
5.70000,1615,-0.54350
5.71250,1614,-0.39687
5.72500,1613,-0.34800
5.73750,1611,-0.49462
5.75000,1610,-0.39687
5.76250,1608,-0.54350
5.77500,1607,-0.59237
5.78750,1606,-0.49462
5.80000,1604,-0.54350
5.81250,1603,-0.44575
5.82500,1601,-0.39687
5.83750,1600,-0.49462
5.85000,1599,-0.29912
5.86251,1597,-0.25024
5.87500,1596,-0.39687
5.88750,1595,-0.34800
5.90000,1593,-0.44575
5.91250,1592,-0.29912
5.92500,1591,-0.39687
5.93750,1589,-0.29912
5.95000,1588,-0.25024
5.96250,1587,-0.34800
5.97500,1586,-0.29912
5.98750,1584,-0.29912
6.00000,1583,-0.29912
6.01250,1582,-0.34800
6.02500,1580,-0.20137
6.03750,1579,-0.25024
6.05000,1578,-0.15249
6.06250,1577,-0.25024
6.07500,1575,-0.15249
6.08750,1574,-0.20137
6.10000,1573,-0.20137
6.11250,1572,-0.15249
6.12500,1571,-0.20137
6.13750,1569,-0.20137
6.15000,1568,-0.15249
6.16250,1567,-0.10362
6.17500,1566,-0.10362
6.18750,1565,-0.10362
6.20000,1564,-0.20137
6.21251,1562,-0.10362
6.22501,1561,-0.10362
6.23750,1560,-0.10362
6.25000,1559,-0.05474
6.26250,1558,-0.15249
6.27500,1557,-0.05474
6.28750,1556,-0.05474
6.30000,1555,-0.15249
6.31250,1554,-0.05474
6.32500,1553,-0.10362
6.33750,1552,-0.10362
6.35000,1550,-0.05474
6.36250,1549,-0.10362
6.37500,1548,-0.05474
6.38750,1547,-0.05474
6.40001,1546,-0.05474
6.41250,1545,-0.05474
6.42500,1544,-0.00587
6.43750,1543,-0.10362
6.45000,1542,-0.05474
6.46250,1542,-0.00587
6.47500,1541,-0.05474
6.48750,1540,-0.00587
6.50000,1539,-0.00587
6.51250,1538,-0.05474
6.52500,1537,-0.05474
6.53750,1536,-0.10362
6.55000,1535,-0.00587
6.56250,1534,-0.00587
6.57500,1533,-0.05474
6.58750,1532,-0.05474
6.60000,1532,-0.05474
6.61250,1531,-0.00587
6.62500,1530,-0.00587
6.63750,1529,-0.00587
6.65000,1528,-0.00587
6.66250,1528,-0.05474
6.67500,1527,-0.00587
6.68750,1526,-0.05474
6.70000,1525,-0.00587
6.71251,1524,-0.00587
6.72500,1524,-0.00587
6.73750,1523,-0.00587
6.75001,1522,-0.05474
6.76251,1522,-0.00587
6.77500,1521,-0.05474
6.78750,1520,-0.00587
6.80000,1520,-0.00587
6.81250,1519,-0.00587
6.82500,1518,-0.00587
6.83750,1518,-0.00587
6.85000,1517,-0.00587
6.86251,1516,-0.00587
6.87500,1516,-0.00587
6.88750,1515,0.04301
6.90000,1515,-0.00587
6.91250,1514,0.04301
6.92500,1513,0.04301
6.93750,1513,-0.00587
6.95000,1512,-0.00587
6.96250,1512,-0.00587
6.97500,1511,-0.00587
6.98750,1511,0.04301
7.00000,1510,-0.00587
7.01251,1510,-0.15249
7.02500,1509,-0.10362
7.03750,1509,-0.15249
7.05000,1508,-0.20137
7.06250,1508,-0.05474
7.07501,1508,-0.05474
7.08751,1507,-0.00587
7.10000,1507,-0.05474
7.11250,1506,-0.00587
7.12500,1506,-0.00587
7.13750,1506,-0.00587
7.15000,1505,-0.05474
7.16250,1505,-0.05474
7.17501,1505,-0.05474
7.18750,1504,-0.05474
7.20000,1504,-0.00587
7.21250,1504,-0.00587
7.22500,1503,-0.05474
7.23750,1503,-0.05474
7.25000,1503,-0.05474
7.26250,1503,-0.00587
7.27500,1502,-0.00587
7.28750,1502,-0.00587
7.30000,1502,-0.05474
7.31250,1502,-0.05474
7.32500,1502,-0.05474
7.33750,1502,-0.00587
7.35000,1501,-0.00587
7.36250,1501,-0.05474
7.37500,1501,-0.00587
7.38750,1501,-0.05474
7.40000,1501,-0.00587
7.41250,1501,-0.05474
7.42500,1501,-0.05474
7.43751,1501,-0.05474
7.45000,1501,-0.05474
7.46250,1501,-0.00587
7.47500,1501,-0.00587
7.48750,1501,-0.05474
7.50000,1500,-0.00587
7.51250,1501,-0.00587
7.52500,1501,-0.05474
7.53750,1501,-0.05474
7.55000,1501,-0.05474
7.56250,1501,-0.05474
7.57500,1501,-0.05474
7.58750,1501,-0.05474
7.60000,1501,-0.05474
7.61250,1501,-0.05474
7.62500,1501,-0.05474
7.63750,1501,-0.00587
7.65000,1501,-0.05474
7.66250,1502,-0.00587
7.67500,1502,-0.00587
7.68750,1502,-0.00587
7.70001,1502,-0.00587
7.71250,1502,-0.00587
7.72501,1502,-0.00587
7.73750,1503,-0.05474
7.75000,1503,-0.00587
7.76250,1503,-0.00587
7.77500,1503,0.04301
7.78750,1504,-0.00587
7.80000,1504,-0.00587
7.81250,1504,-0.00587
7.82500,1505,-0.00587
7.83750,1505,-0.00587
7.85000,1505,-0.00587
7.86251,1506,-0.00587
7.87500,1506,-0.00587
7.88750,1506,0.04301
7.90000,1507,-0.00587
7.91250,1507,-0.00587
7.92500,1508,-0.05474
7.93750,1508,-0.00587
7.95000,1508,0.04301
7.96250,1509,-0.00587
7.97500,1509,-0.00587
7.98751,1510,-0.00587
8.00000,1510,-0.00587
8.01250,1511,-0.00587
8.02500,1511,-0.05474
8.03750,1512,-0.00587
8.05000,1512,-0.00587
8.06251,1513,-0.00587
8.07501,1513,-0.00587
8.08750,1514,-0.00587
8.10000,1515,-0.00587
8.11250,1515,-0.00587
8.12501,1516,-0.00587
8.13751,1516,-0.00587
8.15000,1517,0.04301
8.16250,1518,-0.00587
8.17500,1518,-0.00587
8.18750,1519,0.04301
8.20000,1520,-0.00587
8.21250,1520,-0.00587
8.22500,1521,-0.00587
8.23750,1522,-0.34800
8.25000,1522,-0.05474
8.26250,1523,-0.05474
8.27500,1524,-0.05474
8.28750,1524,-0.05474
8.30000,1525,-0.00587
8.31250,1526,-0.05474
8.32500,1527,-0.00587
8.33750,1528,-0.05474
8.35000,1528,-0.05474
8.36250,1529,-0.05474
8.37500,1530,-0.00587
8.38750,1531,-0.05474
8.40000,1532,-0.05474
8.41250,1532,-0.05474
8.42501,1533,-0.05474
8.43750,1534,-0.05474
8.45000,1535,-0.05474
8.46250,1536,-0.05474
8.47500,1537,-0.05474
8.48750,1538,-0.05474
8.50000,1539,-0.00587
8.51250,1540,-0.05474
8.52500,1541,-0.05474
8.53750,1542,-0.10362
8.55000,1542,-0.05474
8.56250,1543,-0.05474
8.57500,1544,-0.05474
8.58750,1545,-0.05474
8.60000,1546,-0.05474
8.61250,1547,-0.05474
8.62500,1548,-0.10362
8.63750,1549,-0.10362
8.65000,1550,-0.10362
8.66250,1552,-0.05474
8.67500,1553,-0.05474
8.68750,1554,-0.05474
8.70000,1555,-0.05474
8.71250,1556,-0.05474
8.72500,1557,-0.05474
8.73750,1558,-0.10362
8.75000,1559,-0.10362
8.76250,1560,-0.10362
8.77500,1561,-0.15249
8.78750,1562,-0.10362
8.80000,1564,-0.10362
8.81250,1565,-0.15249
8.82500,1566,-0.15249
8.83750,1567,-0.15249
8.85000,1568,-0.10362
8.86250,1569,-0.15249
8.87500,1571,-0.15249
8.88750,1572,-0.20137
8.90000,1573,-0.20137
8.91250,1574,-0.20137
8.92500,1575,-0.20137
8.93750,1577,-0.29912
8.95000,1578,-0.10362
8.96250,1579,-0.20137
8.97500,1580,-0.20137
8.98750,1582,-0.20137
9.00000,1583,-0.34800
9.01250,1584,-0.29912
9.02500,1585,-0.29912
9.03750,1587,-0.29912
9.05000,1588,-0.39687
9.06250,1589,-0.25024
9.07500,1591,-0.39687
9.08750,1592,-0.39687
9.10000,1593,-0.39687
9.11250,1595,-0.44575
9.12500,1596,-0.34800
9.13750,1597,-0.49462
9.15000,1599,-0.39687
9.16251,1600,-0.49462
9.17500,1601,-0.39687
9.18750,1603,-0.64125
9.20000,1604,-0.49462
9.21250,1606,-0.49462
9.22500,1607,-0.44575
9.23750,1608,-0.54350
9.25000,1610,-0.54350
9.26250,1611,-0.69013
9.27500,1613,-0.59237
9.28750,1614,-0.59237
9.30000,1615,-0.64125
9.31250,1617,-0.73900
9.32500,1618,-0.69013
9.33750,1620,-0.78788
9.35000,1621,-0.83676
9.36250,1623,-0.78788
9.37500,1624,-0.93451
9.38750,1625,-0.83676
9.40000,1627,-0.78788
9.41250,1628,-0.54350
9.42500,1630,-0.88563
9.43750,1631,-0.59237
9.45000,1633,-0.93451
9.46250,1634,-0.59237
9.47500,1636,-0.98338
9.48751,1637,-0.93451
9.50000,1639,-1.08114
9.51250,1640,-1.08114
9.52500,1642,-1.13001
9.53750,1643,-1.17889
9.55000,1645,-1.17889
9.56250,1646,-0.88563
9.57500,1648,-1.03226
9.58750,1649,-1.22776
9.60000,1651,-1.03226
9.61250,1652,-1.32551
9.62500,1654,-0.98338
9.63750,1655,-1.22776
9.65000,1657,-1.13001
9.66250,1658,-1.22776
9.67500,1660,-1.42327
9.68750,1661,-1.27664
9.70000,1663,-1.32551
9.71250,1665,-1.42327
9.72500,1666,-1.32551
9.73750,1668,-1.37439
9.75000,1669,-1.03226
9.76250,1671,-1.56989
9.77500,1672,-1.42327
9.78751,1674,-1.08114
9.80000,1675,-1.42327
9.81250,1677,-1.52102
9.82500,1679,-1.56989
9.83750,1680,-1.08114
9.85000,1682,-1.42327
9.86250,1683,-1.61877
9.87500,1685,-1.66764
9.88750,1686,-1.03226
9.90000,1688,-1.61877
9.91250,1690,-1.66764
9.92500,1691,-1.76540
9.93750,1693,-1.76540
9.95000,1694,-1.81427
9.96250,1696,-1.76540
9.97500,1697,-1.71652
9.98750,1699,-1.96090
10.00000,1700,-1.86315
10.01250,1701,-1.91202
10.02500,1703,-1.81427
10.03750,1704,-1.47214
10.05000,1706,-2.10753
10.06251,1707,-2.10753
10.07500,1709,-2.05865
10.08750,1710,-1.56989
10.10000,1712,-2.00978
10.11250,1714,-1.47214
10.12500,1715,-2.15640
10.13750,1717,-2.20528
10.15000,1718,-1.66764
10.16250,1720,-2.10753
10.17500,1721,-2.40078
10.18750,1723,-2.35191
10.20000,1725,-2.15640
10.21250,1726,-2.25415
10.22501,1728,-2.40078
10.23750,1729,-2.25415
10.25000,1731,-2.35191
10.26250,1732,-2.44966
10.27500,1734,-2.35191
10.28750,1735,-2.40078
10.30000,1737,-2.49853
10.31250,1739,-1.61877
10.32500,1740,-1.96090
10.33750,1742,-2.59629
10.35000,1743,-2.69404
10.36250,1745,-2.74291
10.37500,1746,-2.54741
10.38752,1748,-2.64516
10.40000,1749,-2.44966
10.41250,1751,-2.84066
10.42500,1752,-2.79179
10.43750,1754,-2.74291
10.45000,1755,-2.69404
10.46250,1757,-2.79179
10.47500,1758,-2.79179
10.48750,1760,-3.18280
10.50000,1761,-2.84066
10.51250,1763,-2.98729
10.52500,1764,-3.03617
10.53750,1766,-3.13392
10.55000,1767,-2.84066
10.56250,1769,-3.13392
10.57500,1770,-2.30303
10.58750,1772,-3.32942
10.60000,1773,-3.03617
10.61250,1775,-3.42717
10.62500,1776,-2.98729
10.63751,1777,-3.37830
10.65000,1779,-3.13392
10.66250,1780,-3.37830
10.67500,1782,-3.23167
10.68750,1783,-3.62268
10.70000,1785,-3.13392
10.71250,1786,-3.67155
10.72500,1787,-3.18280
10.73750,1789,-3.62268
10.75000,1790,-2.84066
10.76250,1792,-3.52493
10.77500,1793,-3.32942
10.78750,1794,-3.57380
10.80000,1796,-3.57380
10.81250,1797,-3.57380
10.82500,1799,-3.57380
10.83750,1800,-2.84066
10.85000,1801,-3.37830
10.86250,1803,-3.72043
10.87500,1804,-3.57380
10.88750,1805,-3.42717
10.90001,1807,-3.72043
10.91250,1808,-3.52493
10.92500,1809,-3.76930
10.93750,1811,-3.72043
10.95000,1812,-3.67155
10.96250,1813,-3.62268
10.97500,1814,-3.28055
10.98751,1816,-3.52493
11.00000,1817,-3.86706
11.01250,1818,-3.67155
11.02500,1820,-3.62268
11.03750,1821,-4.16031
11.05000,1822,-3.67155
11.06250,1823,-3.86706
11.07500,1825,-3.96481
11.08750,1826,-3.86706
11.10000,1827,-3.67155
11.11250,1828,-4.06256
11.12500,1829,-3.76930
11.13750,1831,-3.86706
11.15000,1832,-3.03617
11.16250,1833,-3.42717
11.17500,1834,-4.20919
11.18750,1835,-2.93842
11.20000,1836,-3.37830
11.21250,1838,-4.16031
11.22500,1839,-3.96481
11.23750,1840,-3.28055
11.25000,1841,-4.16031
11.26251,1842,-3.76930
11.27500,1843,-3.28055
11.28750,1844,-4.30694
11.30000,1845,-3.18280
11.31250,1846,-3.96481
11.32500,1847,-3.96481
11.33750,1848,-4.06256
11.35000,1850,-3.23167
11.36250,1851,-3.86706
11.37500,1852,-4.25806
11.38750,1853,-4.35582
11.40000,1854,-3.91593
11.41250,1855,-3.86706
11.42500,1856,-3.37830
11.43750,1857,-4.01369
11.45000,1858,-4.01369
11.46250,1858,-3.91593
11.47500,1859,-4.35582
11.48750,1860,-3.13392
11.50000,1861,-3.76930
11.51250,1862,-4.06256
11.52500,1863,-4.55132
11.53750,1864,-2.88954
11.55000,1865,-4.06256
11.56250,1866,-4.01369
11.57500,1867,-4.01369
11.58750,1868,-3.18280
11.60000,1868,-4.06256
11.61250,1869,-4.55132
11.62501,1870,-3.28055
11.63750,1871,-4.30694
11.65000,1872,-3.62268
11.66250,1872,-3.67155
11.67500,1873,-4.16031
11.68750,1874,-4.11144
11.70000,1875,-4.01369
11.71250,1876,-3.32942
11.72500,1876,-4.50244
11.73750,1877,-3.28055
11.75001,1878,-4.35582
11.76250,1878,-3.18280
11.77500,1879,-3.57380
11.78750,1880,-4.30694
11.80000,1880,-4.35582
11.81250,1881,-4.35582
11.82500,1882,-3.42717
11.83750,1882,-4.40469
11.85000,1883,-4.40469
11.86250,1884,-4.40469
11.87500,1884,-4.06256
11.88750,1885,-4.35582
11.90000,1885,-4.45357
11.91250,1886,-4.16031
11.92500,1887,-3.72043
11.93750,1887,-4.16031
11.95000,1888,-4.35582
11.96250,1888,-4.30694
11.97500,1889,-3.57380
11.98750,1889,-4.25806
12.00000,1890,-4.30694
12.01250,1890,-3.72043
12.02500,1891,-2.88954
12.03750,1891,-4.20919
12.05001,1892,-3.47605
12.06250,1892,-4.45357
12.07500,1892,-4.40469
12.08750,1893,-4.25806
12.10000,1893,-2.54741
12.11250,1894,-4.69795
12.12500,1894,-4.40469
12.13750,1894,-4.06256
12.15000,1895,-3.76930
12.16250,1895,-4.69795
12.17500,1895,-2.98729
12.18750,1896,-4.50244
12.20000,1896,-3.72043
12.21250,1896,-4.20919
12.22500,1897,-3.62268
12.23750,1897,-3.72043
12.25000,1897,-3.76930
12.26250,1897,-4.64907
12.27500,1898,-4.20919
12.28750,1898,-3.13392
12.30000,1898,-4.40469
12.31250,1898,-3.72043
12.32500,1898,-3.96481
12.33750,1898,-4.30694
12.35000,1899,-4.11144
12.36250,1899,-3.32942
12.37500,1899,-3.72043
12.38750,1899,-3.08504
12.40000,1899,-4.50244
12.41250,1899,-4.45357
12.42501,1899,-3.72043
12.43750,1899,-3.37830
12.45000,1899,-4.40469
12.46250,1899,-4.40469
12.47500,1899,-2.79179
12.48750,1899,-4.35582
12.50000,1900,-4.40469
12.51250,1899,-4.30694
12.52500,1899,-4.35582
12.53750,1899,-4.35582
12.55000,1899,-2.98729
12.56250,1899,-4.01369
12.57500,1899,-4.11144
12.58750,1899,-4.40469
12.60000,1899,-4.50244
12.61250,1899,-4.64907
12.62500,1899,-3.28055
12.63750,1899,-3.47605
12.65000,1899,-3.91593
12.66250,1898,-2.69404
12.67500,1898,-3.47605
12.68750,1898,-3.37830
12.70000,1898,-3.08504
12.71250,1898,-3.76930
12.72500,1898,-3.47605
12.73750,1897,-4.11144
12.75000,1897,-4.45357
12.76250,1897,-4.40469
12.77500,1897,-4.40469
12.78750,1896,-4.16031
12.80000,1896,-2.59629
12.81250,1896,-4.45357
12.82500,1895,-3.67155
12.83750,1895,-4.06256
12.85000,1895,-4.45357
12.86250,1894,-3.42717
12.87500,1894,-2.69404
12.88750,1894,-4.11144
12.90000,1893,-2.88954
12.91250,1893,-4.45357
12.92500,1892,-4.25806
12.93750,1892,-2.74291
12.95000,1892,-3.03617
12.96250,1891,-2.74291
12.97500,1891,-2.59629
12.98750,1890,-4.50244
13.00000,1890,-4.25806
13.01250,1889,-2.98729
13.02500,1889,-3.28055
13.03750,1888,-4.16031
13.05000,1888,-2.30303
13.06250,1887,-3.08504
13.07500,1887,-4.60020
13.08750,1886,-4.11144
13.10000,1885,-4.20919
13.11250,1885,-4.06256
13.12500,1884,-3.57380
13.13750,1884,-3.28055
13.15000,1883,-4.06256
13.16250,1882,-4.11144
13.17500,1882,-2.84066
13.18750,1881,-4.01369
13.20000,1880,-2.54741
13.21250,1880,-3.76930
13.22500,1879,-4.25806
13.23750,1878,-2.84066
13.25000,1878,-2.84066
13.26251,1877,-4.11144
13.27500,1876,-2.93842
13.28750,1876,-4.30694
13.30000,1875,-3.23167
13.31250,1874,-3.67155
13.32500,1873,-4.01369
13.33750,1872,-3.96481
13.35000,1872,-3.86706
13.36250,1871,-3.37830
13.37501,1870,-4.35582
13.38750,1869,-3.76930
13.40000,1868,-2.30303
13.41250,1868,-4.30694
13.42500,1867,-3.08504
13.43750,1866,-3.76930
13.45000,1865,-3.72043
13.46250,1864,-4.16031
13.47500,1863,-2.79179
13.48750,1862,-3.96481
13.50000,1861,-3.81818
13.51250,1860,-4.11144
13.52500,1859,-2.64516
13.53750,1858,-3.72043
13.55000,1858,-3.96481
13.56250,1857,-3.47605
13.57500,1856,-2.69404
13.58750,1855,-3.96481
13.60000,1854,-2.84066
13.61250,1853,-3.57380
13.62500,1852,-2.69404
13.63750,1851,-2.84066
13.65000,1850,-2.93842
13.66250,1848,-3.18280
13.67500,1847,-2.59629
13.68750,1846,-3.91593
13.70000,1845,-2.69404
13.71250,1844,-3.62268
13.72500,1843,-3.76930
13.73750,1842,-3.03617
13.75000,1841,-3.62268
13.76250,1840,-3.81818
13.77500,1839,-3.96481
13.78750,1838,-3.37830
13.80000,1836,-3.28055
13.81250,1835,-3.67155
13.82500,1834,-3.52493
13.83750,1833,-2.88954
13.85000,1832,-3.57380
13.86250,1831,-3.23167
13.87500,1829,-3.47605
13.88750,1828,-3.72043
13.90000,1827,-3.52493
13.91250,1826,-2.79179
13.92500,1825,-3.42717
13.93750,1823,-3.28055
13.95000,1822,-3.32942
13.96250,1821,-2.64516
13.97500,1820,-3.47605
13.98750,1818,-3.67155
14.00000,1817,-2.84066
14.01251,1816,-3.18280
14.02500,1815,-2.74291
14.03750,1813,-3.37830
14.05000,1812,-3.23167
14.06250,1811,-3.18280
14.07500,1809,-3.32942
14.08751,1808,-3.13392
14.10000,1807,-3.08504
14.11250,1805,-3.47605
14.12500,1804,-3.08504
14.13750,1803,-2.74291
14.15000,1801,-3.08504
14.16250,1800,-2.88954
14.17500,1799,-3.18280
14.18750,1797,-3.13392
14.20000,1796,-3.28055
14.21250,1794,-3.03617
14.22500,1793,-3.13392
14.23750,1792,-3.03617
14.25000,1790,-2.74291
14.26250,1789,-3.08504
14.27500,1787,-2.93842
14.28750,1786,-3.18280
14.30000,1785,-2.79179
14.31250,1783,-3.08504
14.32500,1782,-2.84066
14.33751,1780,-2.44966
14.35000,1779,-2.98729
14.36250,1777,-2.79179
14.37500,1776,-2.74291
14.38750,1775,-2.84066
14.40000,1773,-2.88954
14.41250,1772,-2.59629
14.42500,1770,-3.13392
14.43750,1769,-2.69404
14.45000,1767,-2.64516
14.46250,1766,-2.35191
14.47500,1764,-2.98729
14.48750,1763,-2.93842
14.50000,1761,-2.69404
14.51250,1760,-2.59629
14.52501,1758,-2.74291
14.53750,1757,-2.00978
14.55000,1755,-2.10753
14.56250,1754,-2.69404
14.57500,1752,-2.74291
14.58750,1751,-2.88954
14.60000,1749,-2.74291
14.61251,1748,-2.79179
14.62500,1746,-2.79179
14.63750,1745,-2.64516
14.65000,1743,-2.64516
14.66250,1742,-2.44966
14.67500,1740,-2.25415
14.68750,1739,-2.05865
14.70000,1737,-2.44966
14.71250,1735,-2.49853
14.72500,1734,-2.30303
14.73750,1732,-2.25415
14.75000,1731,-2.49853
14.76250,1729,-2.44966
14.77500,1728,-1.81427
14.78750,1726,-2.15640
14.80000,1725,-2.44966
14.81250,1723,-2.40078
14.82501,1721,-1.61877
14.83751,1720,-2.15640
14.85000,1718,-2.35191
14.86250,1717,-2.20528
14.87500,1715,-2.20528
14.88750,1714,-1.86315
14.90000,1712,-2.05865
14.91250,1710,-2.10753
14.92500,1709,-2.10753
14.93750,1707,-2.00978
14.95000,1706,-1.32551
14.96250,1704,-1.96090
14.97500,1703,-1.37439
14.98750,1701,-2.05865
15.00000,1700,-1.81427
15.01250,1699,-1.81427
15.02500,1697,-1.81427
15.03750,1696,-1.56989
15.05000,1694,-1.47214
15.06250,1693,-1.96090
15.07500,1691,-1.76540
15.08750,1690,-1.71652
15.10001,1688,-1.76540
15.11250,1686,-1.61877
15.12500,1685,-1.66764
15.13750,1683,-1.52102
15.15001,1682,-1.66764
15.16250,1680,-1.61877
15.17500,1679,-1.37439
15.18750,1677,-1.42327
15.20000,1675,-1.56989
15.21250,1674,-1.42327
15.22500,1672,-1.52102
15.23750,1671,-1.61877
15.25000,1669,-1.08114
15.26250,1668,-1.42327
15.27500,1666,-0.88563
15.28750,1665,-1.42327
15.30000,1663,-1.27664
15.31250,1661,-1.37439
15.32500,1660,-1.27664
15.33750,1658,-1.17889
15.35000,1657,-1.22776
15.36250,1655,-0.88563
15.37500,1654,-0.78788
15.38750,1652,-1.17889
15.40000,1651,-1.08114
15.41250,1649,-1.17889
15.42500,1648,-0.88563
15.43750,1646,-0.98338
15.45000,1645,-1.03226
15.46250,1643,-0.93451
15.47500,1642,-1.03226
15.48750,1640,-0.93451
15.50000,1639,-0.83676
15.51250,1637,-0.73900
15.52500,1636,-0.93451
15.53750,1634,-0.98338
15.55000,1633,-0.83676
15.56250,1631,-0.93451
15.57500,1630,-0.54350
15.58750,1628,-0.78788
15.60000,1627,-0.83676
15.61250,1625,-0.59237
15.62500,1624,-0.78788
15.63750,1623,-0.59237
15.65000,1621,-0.78788
15.66250,1620,-0.83676
15.67500,1618,-0.64125
15.68750,1617,-0.64125
15.70000,1615,-0.59237
15.71250,1614,-0.54350
15.72501,1613,-0.69013
15.73750,1611,-0.54350
15.75000,1610,-0.49462
15.76250,1608,-0.59237
15.77500,1607,-0.34800
15.78750,1606,-0.64125
15.80000,1604,-0.59237
15.81250,1603,-0.34800
15.82500,1601,-0.39687
15.83750,1600,-0.34800
15.85000,1599,-0.34800
15.86250,1597,-0.34800
15.87500,1596,-0.44575
15.88750,1595,-0.29912
15.90000,1593,-0.44575
15.91250,1592,-0.34800
15.92500,1591,-0.34800
15.93750,1589,-0.25024
15.95000,1588,-0.15249
15.96250,1587,-0.29912
15.97500,1586,-0.34800
15.98750,1584,-0.29912
16.00000,1583,-0.34800
16.01251,1582,-0.15249
16.02500,1580,-0.20137
16.03750,1579,-0.34800
16.05000,1578,-0.15249
16.06250,1577,-0.25024
16.07500,1575,-0.20137
16.08750,1574,-0.15249
16.10000,1573,-0.15249
16.11250,1572,-0.15249
16.12500,1571,-0.15249
16.13750,1569,-0.20137
16.15000,1568,-0.10362
16.16250,1567,-0.15249
16.17500,1566,-0.15249
16.18750,1565,-0.20137
16.20001,1564,-0.10362
16.21250,1562,-0.05474
16.22500,1561,-0.05474
16.23750,1560,-0.15249
16.25000,1559,-0.00587
16.26250,1558,-0.05474
16.27500,1557,-0.05474
16.28750,1556,-0.05474
16.30000,1555,-0.05474
16.31250,1554,-0.10362
16.32500,1553,-0.10362
16.33750,1552,-0.05474
16.35000,1550,-0.05474
16.36251,1549,-0.05474
16.37500,1548,-0.00587
16.38751,1547,-0.05474
16.40000,1546,-0.05474
16.41250,1545,-0.10362
16.42500,1544,-0.05474
16.43750,1543,-0.00587
16.45000,1542,-0.05474
16.46251,1542,-0.05474
16.47500,1541,-0.00587
16.48750,1540,-0.00587
16.50000,1539,-0.05474
16.51251,1538,-0.05474
16.52500,1537,-0.05474
16.53750,1536,-0.00587
16.55000,1535,-0.00587
16.56250,1534,-0.05474
16.57500,1533,-0.00587
16.58750,1532,-0.00587
16.60000,1532,-0.00587
16.61250,1531,-0.00587
16.62500,1530,-0.00587
16.63750,1529,-0.00587
16.65000,1528,-0.05474
16.66250,1528,-0.05474
16.67500,1527,-0.05474
16.68750,1526,0.04301
16.70001,1525,-0.05474
16.71250,1524,0.04301
16.72500,1524,-0.00587
16.73750,1523,-0.00587
16.75000,1522,-0.00587
16.76250,1522,-0.00587
16.77500,1521,-0.00587
16.78750,1520,0.04301
16.80000,1520,-0.00587
16.81250,1519,-0.00587
16.82500,1518,0.04301
16.83750,1518,0.04301
16.85000,1517,-0.00587
16.86250,1516,-0.00587
16.87500,1516,-0.00587
16.88750,1515,-0.00587
16.90000,1515,-0.00587
16.91250,1514,0.04301
16.92500,1513,-0.00587
16.93750,1513,-0.05474
16.95001,1512,0.04301
16.96250,1512,-0.00587
16.97500,1511,-0.00587
16.98750,1511,-0.00587
17.00000,1510,0.04301
17.01251,1510,-0.05474
17.02500,1509,-0.00587
17.03750,1509,-0.05474
17.05000,1508,-0.05474
17.06250,1508,-0.05474
17.07500,1508,-0.05474
17.08750,1507,-0.05474
17.10000,1507,-0.00587
17.11250,1506,-0.00587
17.12500,1506,-0.05474
17.13750,1506,-0.00587
17.15000,1505,-0.05474
17.16250,1505,-0.05474
17.17500,1505,-0.05474
17.18750,1504,-0.05474
17.20001,1504,-0.05474
17.21250,1504,-0.00587
17.22500,1503,-0.00587
17.23750,1503,0.04301
17.25000,1503,-0.00587
17.26250,1503,-0.00587
17.27500,1502,-0.00587
17.28750,1502,0.04301
17.30000,1502,-0.00587
17.31250,1502,-0.00587
17.32501,1502,-0.05474
17.33750,1502,-0.05474
17.35000,1501,-0.05474
17.36251,1501,-0.05474
17.37500,1501,-0.05474
17.38751,1501,-0.05474
17.40000,1501,-0.05474
17.41250,1501,-0.05474
17.42500,1501,-0.00587
17.43750,1501,-0.00587
17.45000,1501,-0.05474
17.46250,1501,-0.00587
17.47500,1501,-0.00587
17.48750,1501,-0.00587
17.50000,1501,-0.00587
17.51251,1501,-0.05474
17.52500,1501,-0.00587
17.53750,1501,-0.00587
17.55000,1501,-0.00587
17.56250,1501,-0.05474
17.57501,1501,-0.05474
17.58750,1501,-0.05474
17.60000,1501,-0.00587
17.61250,1501,-0.00587
17.62500,1501,0.04301
17.63751,1501,-0.00587
17.65000,1501,0.04301
17.66251,1502,-0.00587
17.67500,1502,-0.00587
17.68750,1502,0.04301
17.70001,1502,-0.00587
17.71250,1502,0.04301
17.72500,1502,-0.00587
17.73750,1503,-0.05474
17.75000,1503,-0.00587
17.76250,1503,-0.00587
17.77500,1503,-0.00587
17.78750,1504,-0.00587
17.80000,1504,-0.00587
17.81250,1504,-0.00587
17.82500,1505,-0.00587
17.83750,1505,-0.00587
17.85000,1505,-0.00587
17.86250,1506,-0.00587
17.87500,1506,-0.00587
17.88751,1506,-0.00587
17.90000,1507,-0.00587
17.91250,1507,0.04301
17.92500,1508,-0.00587
17.93750,1508,-0.00587
17.95000,1508,-0.00587
17.96250,1509,0.04301
17.97500,1509,0.04301
17.98750,1510,-0.00587
18.00000,1510,0.04301
18.01250,1511,-0.00587
18.02500,1511,-0.00587
18.03751,1512,0.04301
18.05000,1512,-0.00587
18.06250,1513,-0.00587
18.07500,1513,-0.00587
18.08750,1514,-0.00587
18.10000,1515,-0.00587
18.11250,1515,-0.00587
18.12500,1516,0.04301
18.13751,1516,-0.00587
18.15000,1517,-0.00587
18.16250,1518,-0.00587
18.17500,1518,-0.00587
18.18751,1519,-0.00587
18.20000,1520,-0.00587
18.21250,1520,-0.00587
18.22500,1521,-0.05474
18.23750,1522,-0.05474
18.25000,1522,-0.00587
18.26251,1523,-0.00587
18.27500,1524,-0.05474
18.28750,1524,-0.00587
18.30000,1525,-0.05474
18.31250,1526,-0.00587
18.32501,1527,-0.00587
18.33750,1528,-0.00587
18.35000,1528,-0.05474
18.36250,1529,-0.05474
18.37500,1530,-0.05474
18.38751,1531,-0.00587
18.40000,1532,-0.05474
18.41250,1532,-0.05474
18.42500,1533,-0.05474
18.43750,1534,-0.00587
18.45000,1535,-0.00587
18.46250,1536,-0.05474
18.47500,1537,-0.00587
18.48750,1538,-0.00587
18.50000,1539,-0.05474
18.51250,1540,-0.05474
18.52500,1541,-0.05474
18.53750,1542,-0.10362
18.55000,1542,-0.05474
18.56250,1543,-0.05474
18.57501,1544,-0.00587
18.58750,1545,-0.05474
18.60000,1546,-0.05474
18.61250,1547,-0.05474
18.62500,1548,-0.10362
18.63750,1549,-0.05474
18.65000,1550,-0.05474
18.66250,1552,-0.15249
18.67500,1553,-0.10362
18.68750,1554,-0.05474
18.70000,1555,-0.05474
18.71250,1556,-0.10362
18.72500,1557,-0.05474
18.73750,1558,-0.05474
18.75000,1559,-0.10362
18.76250,1560,-0.10362
18.77500,1561,-0.10362
18.78750,1562,-0.15249
18.80000,1564,-0.10362
18.81250,1565,-0.15249
18.82501,1566,-0.20137
18.83750,1567,-0.20137
18.85000,1568,-0.25024
18.86250,1569,-0.25024
18.87500,1571,-0.25024
18.88750,1572,-0.10362
18.90000,1573,-0.10362
18.91250,1574,-0.25024
18.92501,1575,-0.29912
18.93750,1577,-0.20137
18.95000,1578,-0.25024
18.96250,1579,-0.25024
18.97500,1580,-0.25024
18.98750,1582,-0.20137
19.00000,1583,-0.20137
19.01251,1584,-0.34800
19.02500,1585,-0.29912
19.03750,1587,-0.25024
19.05000,1588,-0.25024
19.06250,1589,-0.34800
19.07501,1591,-0.29912
19.08750,1592,-0.29912
19.10000,1593,-0.29912
19.11250,1595,-0.39687
19.12500,1596,-0.39687
19.13750,1597,-0.44575
19.15000,1599,-0.39687
19.16250,1600,-0.39687
19.17500,1601,-0.49462
19.18750,1603,-0.39687
19.20000,1604,-0.54350
19.21250,1606,-0.64125
19.22500,1607,-0.49462
19.23750,1608,-0.54350
19.25000,1610,-0.49462
19.26250,1611,-0.49462
19.27500,1613,-0.59237
19.28750,1614,-0.44575
19.30000,1615,-0.69013
19.31250,1617,-0.64125
19.32500,1618,-0.64125
19.33750,1620,-0.73900
19.35000,1621,-0.64125
19.36250,1623,-0.69013
19.37500,1624,-0.73900
19.38750,1625,-0.83676
19.40000,1627,-0.69013
19.41250,1628,-0.73900
19.42500,1630,-0.78788
19.43750,1631,-0.73900
19.45000,1633,-0.88563
19.46250,1634,-0.49462
19.47500,1636,-0.83676
19.48750,1637,-0.73900
19.50000,1639,-0.88563
19.51251,1640,-1.03226
19.52500,1642,-0.78788
19.53750,1643,-0.88563
19.55000,1645,-0.98338
19.56250,1646,-0.93451
19.57501,1648,-0.98338
19.58750,1649,-0.93451
19.60000,1651,-1.03226
19.61250,1652,-1.03226
19.62500,1654,-1.08114
19.63751,1655,-1.03226
19.65001,1657,-1.13001
19.66251,1658,-1.17889
19.67500,1660,-1.22776
19.68750,1661,-1.17889
19.70001,1663,-1.27664
19.71250,1665,-1.32551
19.72500,1666,-1.17889
19.73750,1668,-1.27664
19.75000,1669,-1.22776
19.76250,1671,-1.22776
19.77500,1672,-1.42327
19.78750,1674,-1.52102
19.80000,1675,-1.52102
19.81250,1677,-1.52102
19.82500,1679,-1.17889
19.83750,1680,-1.37439
19.85000,1682,-1.52102
19.86250,1683,-1.66764
19.87500,1685,-1.76540
19.88751,1686,-1.61877
19.90000,1688,-1.81427
19.91250,1690,-1.86315
19.92500,1691,-1.81427
19.93750,1693,-1.91202
19.95001,1694,-1.91202
19.96250,1696,-1.76540
19.97500,1697,-1.91202
19.98750,1699,-1.86315
20.00000,1700,-1.86315
20.01251,1700,-1.86315
20.02500,1700,-1.66764
20.03750,1700,-1.76540
20.05000,1700,-1.27664
20.06250,1700,-1.81427
20.07501,1700,-1.71652
20.08750,1700,-1.96090
20.10000,1700,-1.86315
20.11250,1700,-1.86315
20.12500,1700,-1.71652
20.13751,1700,-1.56989
20.15000,1700,-1.81427
20.16250,1700,-1.66764
20.17500,1700,-1.96090
20.18750,1700,-1.76540
20.20001,1700,-1.81427
20.21250,1700,-1.71652
20.22500,1700,-1.66764
20.23750,1700,-1.71652
20.25000,1700,-1.22776
20.26251,1700,-1.96090
20.27500,1700,-1.81427
20.28750,1700,-1.86315
20.30000,1700,-1.66764
20.31250,1700,-1.91202
20.32500,1700,-1.71652
20.33750,1700,-1.56989
20.35000,1700,-1.91202
20.36250,1700,-1.37439
20.37500,1700,-1.86315
20.38750,1700,-1.71652
20.40000,1700,-1.96090
20.41250,1700,-1.71652
20.42500,1700,-1.42327
20.43750,1700,-1.91202
20.45000,1700,-1.86315
20.46250,1700,-1.86315
20.47500,1700,-1.76540
20.48750,1700,-1.81427
20.50000,1700,-1.76540
20.51250,1700,-1.56989
20.52500,1700,-2.05865
20.53750,1700,-1.86315
20.55000,1700,-1.86315
20.56250,1700,-1.76540
20.57501,1700,-1.91202
20.58750,1700,-1.76540
20.60000,1700,-1.47214
20.61250,1700,-1.96090
20.62500,1700,-1.96090
20.63750,1700,-1.81427
20.65000,1700,-1.81427
20.66250,1700,-1.96090
20.67500,1700,-1.71652
20.68750,1700,-1.71652
20.70000,1700,-1.81427
20.71250,1700,-1.66764
20.72500,1700,-1.71652
20.73750,1700,-1.42327
20.75000,1700,-1.76540
20.76250,1700,-1.76540
20.77500,1700,-1.96090
20.78750,1700,-1.96090
20.80000,1700,-1.91202
20.81250,1700,-1.76540
20.82500,1700,-1.96090
20.83750,1700,-1.71652
20.85000,1700,-1.81427
20.86250,1700,-2.05865
20.87500,1700,-1.76540
20.88750,1700,-1.81427
20.90000,1700,-1.42327
20.91250,1700,-1.76540
20.92500,1700,-1.47214
20.93750,1700,-2.10753
20.95000,1700,-1.71652
20.96250,1700,-2.00978
20.97500,1700,-1.52102
20.98750,1700,-2.10753
21.00000,1700,-1.86315
21.01250,1703,-2.05865
21.02500,1707,-1.47214
21.03750,1711,-2.05865
21.05000,1714,-1.61877
21.06250,1718,-2.05865
21.07501,1722,-2.44966
21.08750,1726,-1.61877
21.10000,1730,-2.30303
21.11250,1734,-2.40078
21.12500,1738,-2.59629
21.13750,1742,-2.54741
21.15000,1746,-2.54741
21.16250,1749,-2.44966
21.17500,1753,-2.79179
21.18750,1757,-2.98729
21.20000,1761,-2.79179
21.21250,1764,-2.54741
21.22501,1768,-2.88954
21.23750,1772,-2.93842
21.25000,1775,-2.98729
21.26251,1779,-2.69404
21.27500,1783,-3.03617
21.28750,1786,-3.03617
21.30000,1790,-3.08504
21.31250,1793,-3.67155
21.32500,1797,-2.88954
21.33750,1800,-3.37830
21.35000,1803,-3.67155
21.36250,1807,-3.37830
21.37500,1810,-3.47605
21.38750,1813,-3.67155
21.40000,1816,-3.42717
21.41250,1820,-3.67155
21.42500,1823,-2.79179
21.43750,1826,-3.52493
21.45000,1829,-4.20919
21.46250,1832,-3.57380
21.47500,1835,-3.86706
21.48750,1838,-3.23167
21.50000,1840,-3.81818
21.51251,1843,-3.91593
21.52500,1846,-3.86706
21.53750,1849,-3.76930
21.55000,1851,-3.42717
21.56250,1854,-3.28055
21.57501,1856,-2.88954
21.58750,1859,-3.37830
21.60000,1861,-4.25806
21.61250,1863,-3.96481
21.62500,1865,-3.91593
21.63750,1868,-3.62268
21.65000,1870,-3.62268
21.66250,1872,-4.40469
21.67500,1874,-2.88954
21.68750,1876,-3.03617
21.70001,1877,-3.57380
21.71250,1879,-4.50244
21.72500,1881,-2.84066
21.73750,1882,-4.01369
21.75000,1884,-4.30694
21.76250,1885,-2.54741
21.77500,1887,-3.32942
21.78750,1888,-4.50244
21.80000,1889,-4.55132
21.81251,1891,-4.74682
21.82500,1892,-4.64907
21.83750,1893,-4.40469
21.85000,1894,-4.84457
21.86251,1895,-3.28055
21.87500,1896,-4.60020
21.88750,1896,-4.74682
21.90000,1897,-3.03617
21.91250,1898,-4.25806
21.92500,1898,-4.60020
21.93750,1898,-3.03617
21.95001,1899,-3.57380
21.96250,1899,-3.23167
21.97500,1899,-3.57380
21.98750,1899,-3.47605
22.00000,1899,-3.18280
22.01251,1899,-3.96481
22.02500,1899,-4.16031
22.03750,1899,-4.30694
22.05001,1899,-4.35582
22.06250,1899,-4.25806
22.07501,1898,-4.60020
22.08750,1898,-3.91593
22.10000,1897,-4.50244
22.11250,1897,-4.11144
22.12500,1896,-4.16031
22.13751,1895,-4.45357
22.15000,1894,-4.20919
22.16250,1893,-3.96481
22.17500,1892,-3.52493
22.18750,1891,-3.67155
22.20000,1890,-3.08504
22.21250,1889,-3.62268
22.22500,1887,-4.01369
22.23750,1886,-3.96481
22.25000,1885,-3.28055
22.26250,1883,-4.25806
22.27500,1881,-2.74291
22.28750,1880,-3.47605
22.30000,1878,-4.35582
22.31250,1876,-2.74291
22.32500,1874,-4.06256
22.33750,1872,-3.52493
22.35000,1870,-4.06256
22.36250,1868,-4.35582
22.37500,1866,-2.84066
22.38751,1864,-4.01369
22.40000,1862,-3.62268
22.41251,1859,-2.79179
22.42500,1857,-4.06256
22.43750,1855,-2.74291
22.45000,1852,-4.16031
22.46250,1849,-3.42717
22.47500,1847,-3.72043
22.48750,1844,-2.69404
22.50000,1841,-2.59629
22.51251,1839,-3.08504
22.52500,1836,-2.59629
22.53750,1833,-3.72043
22.55000,1830,-3.03617
22.56250,1827,-2.74291
22.57500,1824,-3.03617
22.58750,1821,-2.49853
22.60000,1818,-2.74291
22.61250,1814,-2.88954
22.62500,1811,-3.47605
22.63751,1808,-3.23167
22.65000,1805,-3.52493
22.66250,1801,-3.47605
22.67500,1798,-3.42717
22.68750,1794,-3.18280
22.70000,1791,-2.98729
22.71250,1787,-3.08504
22.72500,1784,-2.44966
22.73750,1780,-2.74291
22.75000,1777,-3.03617
22.76250,1773,-2.98729
22.77500,1769,-2.98729
22.78750,1766,-2.74291
22.80000,1762,-2.64516
22.81250,1758,-2.74291
22.82500,1754,-2.59629
22.83750,1751,-2.44966
22.85000,1747,-2.59629
22.86251,1743,-2.44966
22.87500,1739,-2.35191
22.88751,1735,-2.54741
22.90000,1731,-2.40078
22.91250,1728,-2.30303
22.92500,1724,-2.15640
22.93750,1720,-2.20528
22.95000,1716,-2.20528
22.96250,1712,-1.66764
22.97500,1708,-2.00978
22.98750,1704,-1.86315
23.00000,1700,-2.05865
23.01250,1697,-1.81427
23.02500,1693,-1.27664
23.03750,1689,-1.56989
23.05000,1686,-1.61877
23.06250,1682,-1.66764
23.07501,1678,-1.37439
23.08750,1674,-1.13001
23.10000,1670,-1.42327
23.11250,1666,-1.56989
23.12501,1662,-1.27664
23.13750,1658,-1.27664
23.15000,1654,-1.22776
23.16250,1651,-1.37439
23.17500,1647,-1.13001
23.18750,1643,-1.22776
23.20000,1639,-0.69013
23.21250,1636,-0.83676
23.22500,1632,-0.88563
23.23750,1628,-0.83676
23.25000,1625,-0.64125
23.26251,1621,-0.73900
23.27500,1617,-0.69013
23.28750,1614,-0.73900
23.30000,1610,-0.69013
23.31250,1607,-0.34800
23.32500,1603,-0.54350
23.33750,1600,-0.44575
23.35000,1597,-0.34800
23.36250,1593,-0.34800
23.37500,1590,-0.29912
23.38750,1587,-0.39687
23.40000,1584,-0.25024
23.41250,1580,-0.10362
23.42500,1577,-0.20137
23.43750,1574,-0.15249
23.45000,1571,-0.15249
23.46250,1568,-0.15249
23.47501,1565,-0.15249
23.48750,1562,-0.15249
23.50001,1560,-0.10362
23.51251,1557,-0.05474
23.52500,1554,-0.15249
23.53750,1551,-0.10362
23.55000,1549,-0.00587
23.56250,1546,-0.05474
23.57500,1544,-0.05474
23.58750,1541,-0.00587
23.60000,1539,-0.05474
23.61250,1537,-0.00587
23.62500,1535,-0.00587
23.63751,1532,-0.00587
23.65000,1530,-0.05474
23.66250,1528,-0.00587
23.67500,1526,-0.00587
23.68750,1524,-0.00587
23.70001,1523,-0.00587
23.71250,1521,-0.00587
23.72500,1519,-0.00587
23.73750,1518,-0.05474
23.75000,1516,0.04301
23.76250,1515,-0.00587
23.77500,1513,0.04301
23.78750,1512,-0.00587
23.80000,1511,-0.00587
23.81251,1509,-0.00587
23.82500,1508,-0.00587
23.83750,1507,-0.00587
23.85000,1506,-0.00587
23.86250,1505,-0.00587
23.87500,1504,-0.00587
23.88751,1504,-0.00587
23.90000,1503,-0.00587
23.91250,1502,-0.00587
23.92500,1502,0.04301
23.93750,1502,-0.00587
23.95000,1501,-0.00587
23.96250,1501,-0.00587
23.97500,1501,-0.00587
23.98750,1501,-0.00587
24.00000,1501,0.04301
24.01251,1501,-0.00587
24.02500,1501,0.04301
24.03750,1501,-0.00587
24.05000,1501,-0.00587
24.06250,1501,-0.00587
24.07501,1502,-0.00587
24.08750,1502,-0.00587
24.10000,1503,0.04301
24.11250,1503,-0.00587
24.12500,1504,-0.00587
24.13751,1505,-0.00587
24.15000,1506,-0.00587
24.16250,1507,-0.00587
24.17500,1508,-0.00587
24.18750,1509,-0.00587
24.20001,1510,0.04301
24.21250,1511,0.04301
24.22500,1513,-0.00587
24.23750,1514,0.04301
24.25000,1515,-0.00587
24.26251,1517,0.04301
24.27500,1519,0.04301
24.28750,1520,-0.00587
24.30000,1522,0.04301
24.31250,1524,-0.00587
24.32500,1526,-0.05474
24.33750,1528,0.04301
24.35000,1530,-0.00587
24.36250,1532,-0.00587
24.37500,1534,-0.10362
24.38751,1536,-0.15249
24.40000,1538,-0.25024
24.41250,1541,-0.25024
24.42500,1543,-0.20137
24.43750,1545,-0.15249
24.45000,1548,-0.10362
24.46250,1551,-0.05474
24.47500,1553,-0.20137
24.48750,1556,-0.05474
24.50000,1559,-0.10362
24.51250,1561,-0.05474
24.52500,1564,-0.05474
24.53750,1567,-0.29912
24.55000,1570,-0.25024
24.56250,1573,-0.34800
24.57500,1576,-0.29912
24.58750,1579,-0.29912
24.60000,1582,-0.34800
24.61250,1586,-0.49462
24.62500,1589,-0.39687
24.63750,1592,-0.59237
24.65001,1595,-0.49462
24.66250,1599,-0.44575
24.67500,1602,-0.49462
24.68750,1606,-0.49462
24.70000,1609,-0.39687
24.71250,1613,-0.49462
24.72500,1616,-0.69013
24.73750,1620,-0.73900
24.75000,1623,-0.69013
24.76251,1627,-0.59237
24.77500,1631,-0.88563
24.78750,1634,-0.93451
24.80000,1638,-0.88563
24.81250,1642,-1.13001
24.82501,1646,-1.03226
24.83750,1649,-1.17889
24.85000,1653,-1.08114
24.86250,1657,-1.22776
24.87500,1661,-1.32551
24.88751,1665,-1.17889
24.90000,1669,-1.03226
24.91250,1672,-1.52102
24.92500,1676,-1.52102
24.93750,1680,-1.71652
24.95001,1684,-1.52102
24.96250,1688,-1.42327
24.97500,1692,-1.81427
24.98750,1696,-1.91202
25.00000,1700,-1.96090
25.01251,1703,-2.00978
25.02500,1707,-1.91202
25.03750,1711,-2.10753
25.05000,1714,-2.20528
25.06250,1718,-2.25415
25.07501,1722,-2.25415
25.08750,1726,-2.35191
25.10000,1730,-2.30303
25.11250,1734,-2.40078
25.12500,1738,-2.30303
25.13750,1742,-2.40078
25.15000,1746,-2.64516
25.16250,1749,-2.44966
25.17500,1753,-2.59629
25.18750,1757,-2.79179
25.20000,1761,-2.54741
25.21250,1764,-3.08504
25.22500,1768,-2.79179
25.23750,1772,-2.88954
25.25000,1775,-3.13392
25.26251,1779,-2.98729
25.27500,1783,-2.74291
25.28750,1786,-3.03617
25.30000,1790,-2.35191
25.31250,1793,-3.18280
25.32500,1797,-2.74291
25.33750,1800,-3.23167
25.35000,1803,-2.74291
25.36250,1807,-3.23167
25.37500,1810,-3.67155
25.38750,1813,-3.37830
25.40000,1816,-3.62268
25.41250,1820,-3.47605
25.42500,1823,-3.57380
25.43750,1826,-2.84066
25.45000,1829,-3.57380
25.46250,1832,-3.62268
25.47500,1835,-3.81818
25.48750,1838,-3.67155
25.50000,1840,-3.72043
25.51250,1843,-3.81818
25.52500,1846,-3.23167
25.53750,1849,-3.32942
25.55000,1851,-4.25806
25.56250,1854,-3.18280
25.57500,1856,-3.81818
25.58750,1859,-3.72043
25.60000,1861,-2.98729
25.61250,1863,-4.11144
25.62500,1865,-3.76930
25.63750,1868,-3.76930
25.65000,1870,-3.96481
25.66250,1872,-4.16031
25.67501,1874,-4.16031
25.68750,1876,-3.32942
25.70000,1877,-3.32942
25.71251,1879,-4.50244
25.72500,1881,-4.20919
25.73750,1882,-2.74291
25.75000,1884,-4.06256
25.76251,1885,-4.11144
25.77500,1887,-4.40469
25.78750,1888,-4.20919
25.80000,1889,-3.32942
25.81250,1891,-3.62268
25.82501,1892,-4.25806
25.83750,1893,-4.16031
25.85000,1894,-3.76930
25.86250,1895,-4.30694
25.87500,1896,-4.16031
25.88750,1896,-4.11144
25.90000,1897,-4.25806
25.91250,1898,-4.16031
25.92500,1898,-2.69404
25.93750,1898,-3.72043
25.95001,1899,-4.35582
25.96250,1899,-4.40469
25.97500,1899,-2.69404
25.98750,1899,-3.23167
26.00000,1899,-2.98729
26.01251,1899,-3.81818
26.02500,1899,-3.52493
26.03750,1899,-3.18280
26.05000,1899,-4.50244
26.06250,1899,-4.25806
26.07501,1898,-4.16031
26.08750,1898,-4.35582
26.10000,1897,-4.35582
26.11250,1897,-2.64516
26.12500,1896,-2.98729
26.13751,1895,-2.88954
26.15000,1894,-3.18280
26.16251,1893,-2.79179
26.17500,1892,-2.79179
26.18750,1891,-3.18280
26.20000,1890,-4.35582
26.21250,1889,-2.93842
26.22501,1887,-3.76930
26.23750,1886,-4.11144
26.25000,1885,-2.74291
26.26251,1883,-4.40469
26.27500,1881,-4.25806
26.28750,1880,-4.40469
26.30000,1878,-3.23167
26.31250,1876,-2.93842
26.32501,1874,-4.01369
26.33750,1872,-4.01369
26.35000,1870,-3.18280
26.36250,1868,-3.91593
26.37500,1866,-3.91593
26.38751,1864,-4.11144
26.40000,1862,-3.86706
26.41250,1859,-3.86706
26.42500,1857,-3.81818
26.43750,1855,-3.52493
26.45001,1852,-3.52493
26.46250,1849,-3.03617
26.47501,1847,-3.91593
26.48750,1844,-3.91593
26.50000,1841,-3.67155
26.51251,1839,-2.93842
26.52500,1836,-3.03617
26.53750,1833,-3.52493
26.55000,1830,-3.57380
26.56250,1827,-3.57380
26.57501,1824,-3.72043
26.58750,1821,-2.69404
26.60000,1818,-2.98729
26.61250,1814,-3.32942
26.62500,1811,-2.93842
26.63750,1808,-3.52493
26.65000,1805,-3.32942
26.66250,1801,-3.13392
26.67500,1798,-2.44966
26.68750,1794,-3.32942
26.70000,1791,-3.03617
26.71250,1787,-3.08504
26.72500,1784,-3.28055
26.73750,1780,-3.08504
26.75000,1777,-2.88954
26.76250,1773,-2.64516
26.77500,1769,-2.88954
26.78750,1766,-2.93842
26.80000,1762,-2.84066
26.81250,1758,-2.54741
26.82501,1754,-2.54741
26.83750,1751,-2.64516
26.85000,1747,-1.96090
26.86250,1743,-1.91202
26.87500,1739,-1.96090
26.88750,1735,-2.05865
26.90000,1731,-1.76540
26.91250,1728,-2.20528
26.92500,1724,-2.10753
26.93750,1720,-2.10753
26.95000,1716,-2.40078
26.96250,1712,-1.81427
26.97500,1708,-1.81427
26.98750,1704,-2.15640
27.00000,1700,-1.76540
27.01250,1697,-1.91202
27.02500,1693,-1.81427
27.03750,1689,-1.61877
27.05000,1686,-1.13001
27.06250,1682,-1.52102
27.07500,1678,-1.37439
27.08750,1674,-1.27664
27.10000,1670,-1.32551
27.11250,1666,-1.37439
27.12500,1662,-1.27664
27.13751,1658,-1.08114
27.15000,1654,-1.08114
27.16250,1651,-0.98338
27.17500,1647,-0.78788
27.18750,1643,-0.83676
27.20001,1639,-0.83676
27.21250,1636,-0.88563
27.22500,1632,-0.93451
27.23750,1628,-0.49462
27.25001,1625,-0.64125
27.26250,1621,-0.64125
27.27500,1617,-0.54350
27.28750,1614,-0.39687
27.30000,1610,-0.59237
27.31250,1607,-0.54350
27.32501,1603,-0.39687
27.33750,1600,-0.29912
27.35000,1597,-0.29912
27.36250,1593,-0.39687
27.37500,1590,-0.29912
27.38750,1587,-0.25024
27.40000,1584,-0.25024
27.41250,1580,-0.10362
27.42500,1577,-0.15249
27.43750,1574,-0.15249
27.45000,1571,-0.20137
27.46250,1568,-0.10362
27.47500,1565,-0.05474
27.48750,1562,-0.05474
27.50000,1560,-0.10362
27.51251,1557,-0.00587
27.52500,1554,-0.05474
27.53750,1551,-0.00587
27.55000,1549,-0.10362
27.56250,1546,-0.05474
27.57501,1544,0.04301
27.58750,1541,-0.05474
27.60000,1539,-0.05474
27.61250,1537,0.04301
27.62500,1535,-0.00587
27.63751,1532,-0.00587
27.65000,1530,-0.00587
27.66250,1528,0.04301
27.67500,1526,-0.00587
27.68751,1524,-0.05474
27.70001,1523,-0.00587
27.71250,1521,-0.00587
27.72500,1519,-0.00587
27.73750,1518,-0.00587
27.75000,1516,-0.00587
27.76251,1515,-0.00587
27.77500,1513,-0.00587
27.78750,1512,0.04301
27.80000,1511,0.04301
27.81250,1509,0.04301
27.82501,1508,-0.05474
27.83750,1507,-0.00587
27.85000,1506,-0.00587
27.86250,1505,-0.00587
27.87500,1504,-0.00587
27.88751,1504,-0.00587
27.90000,1503,-0.00587
27.91250,1502,0.04301
27.92500,1502,-0.00587
27.93750,1502,-0.00587
27.95001,1501,-0.00587
27.96250,1501,-0.00587
27.97500,1501,-0.00587
27.98751,1501,-0.00587
28.00000,1501,-0.05474
28.01250,1501,0.04301
28.02500,1501,-0.00587
28.03750,1501,-0.00587
28.05000,1501,-0.00587
28.06250,1501,0.04301
28.07500,1502,0.04301
28.08750,1502,-0.00587
28.10000,1503,0.04301
28.11250,1503,-0.00587
28.12500,1504,0.04301
28.13751,1505,0.04301
28.15000,1506,-0.00587
28.16250,1507,-0.05474
28.17500,1508,-0.00587
28.18750,1509,0.04301
28.20001,1510,-0.00587
28.21250,1511,-0.00587
28.22500,1513,-0.00587
28.23750,1514,-0.00587
28.25001,1515,-0.05474
28.26250,1517,0.04301
28.27500,1519,-0.00587
28.28750,1520,-0.00587
28.30000,1522,0.04301
28.31250,1524,-0.00587
28.32500,1526,-0.00587
28.33750,1528,-0.00587
28.35000,1530,-0.00587
28.36250,1532,-0.05474
28.37500,1534,-0.20137
28.38751,1536,-0.20137
28.40000,1538,-0.25024
28.41250,1541,-0.25024
28.42501,1543,-0.15249
28.43750,1545,-0.10362
28.45001,1548,-0.10362
28.46250,1551,-0.15249
28.47501,1553,-0.10362
28.48750,1556,-0.10362
28.50000,1559,-0.10362
28.51250,1561,-0.05474
28.52501,1564,-0.05474
28.53750,1567,-0.34800
28.55000,1570,-0.15249
28.56250,1573,-0.29912
28.57501,1576,-0.34800
28.58750,1579,-0.29912
28.60000,1582,-0.34800
28.61250,1586,-0.39687
28.62500,1589,-0.39687
28.63750,1592,-0.44575
28.65000,1595,-0.49462
28.66250,1599,-0.34800
28.67500,1602,-0.49462
28.68750,1606,-0.54350
28.70001,1609,-0.44575
28.71250,1613,-0.54350
28.72501,1616,-0.59237
28.73750,1620,-0.69013
28.75000,1623,-0.64125
28.76250,1627,-0.73900
28.77500,1631,-0.93451
28.78750,1634,-0.64125
28.80000,1638,-0.98338
28.81251,1642,-0.69013
28.82500,1646,-0.93451
28.83750,1649,-1.13001
28.85000,1653,-1.08114
28.86250,1657,-1.08114
28.87500,1661,-1.32551
28.88751,1665,-1.22776
28.90000,1669,-0.98338
28.91251,1672,-1.22776
28.92500,1676,-0.88563
28.93750,1680,-1.71652
28.95001,1684,-1.37439
28.96250,1688,-1.42327
28.97500,1692,-1.76540
28.98750,1696,-1.86315
29.00000,1700,-1.66764
29.01251,1700,-2.00978
29.02500,1700,-1.96090
29.03750,1700,-1.52102
29.05000,1700,-2.10753
29.06250,1700,-2.15640
29.07500,1700,-2.05865
29.08750,1700,-1.42327
29.10000,1700,-2.00978
29.11250,1700,-1.91202
29.12500,1700,-1.76540
29.13751,1700,-1.37439
29.15000,1700,-2.00978
29.16250,1700,-1.86315
29.17500,1700,-1.76540
29.18750,1700,-1.56989
29.20001,1700,-1.86315
29.21250,1700,-1.96090
29.22500,1700,-1.91202
29.23750,1700,-1.96090
29.25000,1700,-1.86315
29.26250,1700,-1.86315
29.27500,1700,-1.76540
29.28750,1700,-1.61877
29.30000,1700,-1.96090
29.31250,1700,-1.91202
29.32501,1700,-1.86315
29.33750,1700,-1.71652
29.35000,1700,-1.91202
29.36250,1700,-2.15640
29.37500,1700,-1.96090
29.38750,1700,-1.81427
29.40000,1700,-2.10753
29.41250,1700,-2.00978
29.42500,1700,-1.86315
29.43750,1700,-1.66764
29.45001,1700,-2.10753
29.46250,1700,-1.96090
29.47500,1700,-1.91202
29.48750,1700,-1.42327
29.50000,1700,-2.10753
29.51251,1700,-2.10753
29.52500,1700,-2.10753
29.53750,1700,-1.47214
29.55000,1700,-2.05865
29.56250,1700,-2.05865
29.57501,1700,-1.91202
29.58750,1700,-1.42327
29.60000,1700,-1.96090
29.61250,1700,-1.96090
29.62500,1700,-1.71652
29.63751,1700,-1.32551
29.65000,1700,-2.15640
29.66250,1700,-2.05865
29.67500,1700,-1.91202
29.68750,1700,-2.00978
29.70001,1700,-1.71652
29.71250,1700,-1.96090
29.72500,1700,-1.91202
29.73750,1700,-1.96090
29.75000,1700,-1.37439
29.76251,1700,-2.05865
29.77500,1700,-2.05865
29.78750,1700,-1.86315
29.80000,1700,-1.86315
29.81250,1700,-1.32551
29.82500,1700,-2.05865
29.83750,1700,-2.15640
29.85000,1700,-2.10753
29.86250,1700,-2.00978
29.87500,1700,-1.91202
29.88750,1700,-2.10753
29.90000,1700,-1.91202
29.91250,1700,-1.37439
29.92500,1700,-2.10753
29.93750,1700,-1.96090
29.95000,1700,-1.91202
29.96250,1700,-1.52102
29.97500,1700,-2.20528
29.98750,1700,-2.00978
30.00000,1700,-1.47214
30.01251,1706,-1.96090
30.02500,1714,-1.81427
30.03750,1722,-1.86315
30.05000,1729,-2.25415
30.06250,1737,-2.30303
30.07501,1745,-2.84066
30.08750,1752,-2.79179
30.10001,1760,-2.15640
30.11250,1767,-2.79179
30.12500,1775,-3.03617
30.13751,1782,-2.44966
30.15000,1789,-3.08504
30.16250,1796,-3.32942
30.17500,1803,-3.32942
30.18750,1809,-2.54741
30.20000,1816,-3.62268
30.21250,1822,-3.62268
30.22500,1828,-3.76930
30.23750,1834,-3.72043
30.25000,1840,-3.86706
30.26250,1845,-3.52493
30.27500,1851,-3.96481
30.28750,1856,-3.96481
30.30000,1860,-3.23167
30.31250,1865,-3.32942
30.32500,1869,-3.42717
30.33751,1873,-3.86706
30.35000,1877,-4.01369
30.36250,1881,-3.96481
30.37500,1884,-2.98729
30.38750,1887,-3.23167
30.40000,1889,-2.79179
30.41250,1892,-4.40469
30.42500,1894,-4.50244
30.43750,1895,-4.45357
30.45001,1897,-3.52493
30.46250,1898,-3.32942
30.47500,1899,-4.30694
30.48750,1899,-3.18280
30.50000,1899,-4.11144
30.51250,1899,-4.01369
30.52500,1899,-3.67155
30.53750,1898,-4.20919
30.55000,1897,-3.72043
30.56250,1896,-4.35582
30.57500,1894,-4.30694
30.58750,1892,-3.47605
30.60000,1890,-4.25806
30.61250,1888,-3.62268
30.62500,1885,-3.13392
30.63750,1882,-3.47605
30.65000,1878,-4.25806
30.66251,1875,-3.23167
30.67500,1871,-2.88954
30.68750,1867,-4.06256
30.70001,1862,-3.96481
30.71251,1857,-3.96481
30.72500,1853,-2.79179
30.73750,1847,-3.08504
30.75000,1842,-3.67155
30.76250,1836,-3.86706
30.77500,1830,-3.62268
30.78750,1824,-3.52493
30.80000,1818,-3.28055
30.81250,1812,-3.47605
30.82501,1805,-3.03617
30.83750,1798,-2.74291
30.85000,1792,-3.37830
30.86250,1785,-3.23167
30.87500,1777,-2.98729
30.88750,1770,-3.18280
30.90000,1763,-2.79179
30.91250,1755,-2.40078
30.92500,1748,-2.88954
30.93750,1740,-2.35191
30.95001,1732,-2.59629
30.96250,1724,-2.25415
30.97500,1717,-1.71652
30.98750,1709,-2.10753
31.00000,1701,-1.76540
31.01250,1694,-1.76540
31.02500,1686,-1.37439
31.03750,1678,-1.81427
31.05000,1671,-1.66764
31.06250,1663,-1.47214
31.07501,1655,-1.22776
31.08750,1648,-1.37439
31.10000,1640,-0.83676
31.11250,1633,-0.73900
31.12500,1625,-0.98338
31.13750,1618,-0.49462
31.15000,1611,-0.49462
31.16250,1604,-0.69013
31.17500,1597,-0.25024
31.18750,1591,-0.29912
31.20001,1584,-0.25024
31.21250,1578,-0.20137
31.22500,1572,-0.10362
31.23750,1566,-0.10362
31.25000,1560,-0.05474
31.26251,1555,-0.05474
31.27500,1549,0.04301
31.28750,1544,-0.05474
31.30000,1540,-0.00587
31.31250,1535,0.04301
31.32500,1531,0.04301
31.33750,1527,-0.00587
31.35000,1523,-0.00587
31.36250,1519,-0.00587
31.37500,1516,0.04301
31.38750,1513,0.04301
31.40000,1511,-0.00587
31.41250,1508,-0.00587
31.42500,1506,-0.00587
31.43750,1505,-0.00587
31.45000,1503,-0.00587
31.46250,1502,-0.00587
31.47500,1501,0.04301
31.48750,1501,-0.00587
31.50000,1501,-0.00587
31.51250,1501,0.04301
31.52500,1501,0.04301
31.53750,1502,0.04301
31.55000,1503,-0.00587
31.56250,1504,-0.00587
31.57500,1506,0.04301
31.58750,1508,-0.00587
31.60000,1510,-0.00587
31.61250,1512,-0.00587
31.62500,1515,-0.00587
31.63750,1518,-0.00587
31.65000,1522,-0.00587
31.66250,1525,-0.00587
31.67500,1529,-0.00587
31.68750,1533,-0.05474
31.70001,1538,-0.00587
31.71250,1543,0.04301
31.72500,1547,-0.00587
31.73750,1553,-0.25024
31.75000,1558,-0.29912
31.76250,1564,-0.29912
31.77500,1570,-0.20137
31.78750,1576,-0.20137
31.80000,1582,-0.10362
31.81250,1588,-0.00587
31.82500,1595,-0.10362
31.83750,1602,-0.10362
31.85000,1608,-0.05474
31.86250,1615,-0.05474
31.87500,1623,-0.29912
31.88751,1630,-0.25024
31.90000,1637,-0.39687
31.91250,1645,-1.03226
31.92500,1652,-0.83676
31.93750,1660,-1.22776
31.95001,1668,-1.13001
31.96250,1676,-1.42327
31.97500,1683,-1.81427
31.98750,1691,-1.56989
32.00000,1699,-1.96090
32.01250,1706,-2.05865
32.02500,1714,-2.05865
32.03750,1722,-2.20528
32.05000,1729,-2.35191
32.06250,1737,-2.25415
32.07500,1745,-2.59629
32.08750,1752,-2.35191
32.10000,1760,-2.64516
32.11251,1767,-3.03617
32.12500,1775,-2.84066
32.13750,1782,-3.08504
32.15000,1789,-3.08504
32.16250,1796,-3.13392
32.17500,1803,-2.54741
32.18750,1809,-3.62268
32.20000,1816,-3.42717
32.21250,1822,-3.52493
32.22500,1828,-3.57380
32.23750,1834,-3.96481
32.25000,1840,-3.37830
32.26250,1845,-3.76930
32.27500,1851,-4.06256
32.28750,1856,-3.96481
32.30000,1860,-3.96481
32.31250,1865,-3.96481
32.32500,1869,-3.86706
32.33750,1873,-3.86706
32.35000,1877,-4.30694
32.36250,1881,-4.60020
32.37500,1884,-4.55132
32.38750,1887,-4.50244
32.40000,1889,-4.74682
32.41250,1892,-4.79570
32.42500,1894,-4.11144
32.43750,1895,-4.11144
32.45001,1897,-4.35582
32.46250,1898,-4.40469
32.47500,1899,-4.35582
32.48750,1899,-4.50244
32.50000,1899,-2.98729
32.51250,1899,-3.76930
32.52500,1899,-3.08504
32.53750,1898,-4.45357
32.55000,1897,-4.20919
32.56250,1896,-4.16031
32.57500,1894,-4.40469
32.58750,1892,-3.28055
32.60000,1890,-3.28055
32.61250,1888,-2.98729
32.62500,1885,-2.88954
32.63750,1882,-3.23167
32.65000,1878,-2.98729
32.66250,1875,-2.98729
32.67501,1871,-3.52493
32.68750,1867,-2.74291
32.70000,1862,-2.79179
32.71250,1857,-3.81818
32.72500,1853,-2.93842
32.73750,1847,-4.16031
32.75000,1842,-3.67155
32.76250,1836,-3.08504
32.77500,1830,-2.93842
32.78750,1824,-3.67155
32.80000,1818,-2.84066
32.81250,1812,-2.88954
32.82500,1805,-3.37830
32.83750,1798,-2.74291
32.85000,1792,-3.18280
32.86250,1785,-3.37830
32.87500,1777,-3.18280
32.88750,1770,-2.98729
32.90000,1763,-2.69404
32.91250,1755,-2.79179
32.92500,1748,-2.44966
32.93750,1740,-2.44966
32.95000,1732,-2.54741
32.96251,1724,-2.40078
32.97500,1717,-2.15640
32.98751,1709,-2.49853
33.00000,1701,-1.71652
33.01250,1694,-1.76540
33.02500,1686,-1.52102
33.03750,1678,-1.52102
33.05000,1671,-1.71652
33.06250,1663,-1.32551
33.07500,1655,-0.98338
33.08750,1648,-1.22776
33.10000,1640,-0.93451
33.11250,1633,-0.73900
33.12500,1625,-0.83676
33.13750,1618,-0.49462
33.15000,1611,-0.69013
33.16250,1604,-0.44575
33.17501,1597,-0.39687
33.18750,1591,-0.34800
33.20000,1584,-0.20137
33.21250,1578,-0.20137
33.22500,1572,-0.15249
33.23750,1566,-0.05474
33.25002,1560,-0.15249
33.26250,1555,-0.05474
33.27500,1549,-0.05474
33.28750,1544,-0.00587
33.30001,1540,-0.00587
33.31250,1535,-0.00587
33.32500,1531,-0.05474
33.33750,1527,0.04301
33.35000,1523,-0.00587
33.36250,1519,-0.00587
33.37500,1516,-0.00587
33.38750,1513,0.04301
33.40000,1511,-0.00587
33.41250,1508,-0.00587
33.42500,1506,-0.00587
33.43750,1505,-0.00587
33.45000,1503,-0.00587
33.46250,1502,-0.00587
33.47500,1501,-0.00587
33.48750,1501,-0.00587
33.50000,1501,-0.00587
33.51250,1501,-0.00587
33.52500,1501,-0.05474
33.53750,1502,-0.00587
33.55000,1503,-0.00587
33.56250,1504,-0.00587
33.57500,1506,-0.00587
33.58750,1508,0.04301
33.60000,1510,-0.00587
33.61250,1512,-0.00587
33.62500,1515,0.04301
33.63750,1518,-0.00587
33.65000,1522,-0.00587
33.66250,1525,-0.00587
33.67500,1529,-0.00587
33.68750,1533,-0.00587
33.70000,1538,-0.00587
33.71250,1543,-0.00587
33.72500,1547,-0.05474
33.73750,1553,-0.00587
33.75000,1558,0.04301
33.76250,1564,-0.29912
33.77501,1570,-0.44575
33.78750,1576,-0.34800
33.80000,1582,-0.15249
33.81250,1588,-0.25024
33.82500,1595,-0.10362
33.83750,1602,-0.05474
33.85000,1608,-0.20137
33.86250,1615,-0.05474
33.87500,1623,-0.10362
33.88750,1630,-0.05474
33.90000,1637,-0.05474
33.91250,1645,-0.34800
33.92500,1652,-0.20137
33.93750,1660,-0.69013
33.95000,1668,-0.64125
33.96250,1676,-1.52102
33.97500,1683,-1.71652
33.98751,1691,-1.61877
34.00000,1699,-1.96090
34.01250,1700,-2.00978
34.02501,1700,-1.76540
34.03750,1700,-1.81427
34.05000,1700,-1.81427
34.06250,1700,-1.71652
34.07500,1700,-1.96090
34.08750,1700,-1.86315
34.10000,1700,-1.56989
34.11250,1700,-1.86315
34.12500,1700,-1.37439
34.13750,1700,-1.76540
34.15000,1700,-1.76540
34.16250,1700,-1.96090
34.17500,1700,-1.42327
34.18750,1700,-1.86315
34.20000,1700,-1.71652
34.21250,1700,-1.71652
34.22500,1700,-1.96090
34.23750,1700,-1.86315
34.25000,1700,-1.96090
34.26250,1700,-1.66764
34.27500,1700,-1.86315
34.28750,1700,-1.71652
34.30000,1700,-1.91202
34.31250,1700,-1.42327
34.32500,1700,-1.91202
34.33750,1700,-1.81427
34.35000,1700,-1.86315
34.36250,1700,-1.91202
34.37500,1700,-2.00978
34.38751,1700,-2.00978
34.40000,1700,-1.76540
34.41250,1700,-1.96090
34.42500,1700,-1.76540
34.43750,1700,-2.00978
34.45000,1700,-1.52102
34.46250,1700,-1.86315
34.47500,1700,-1.76540
34.48750,1700,-1.86315
34.50000,1700,-1.76540
34.51250,1700,-2.00978
34.52500,1700,-1.91202
34.53750,1700,-1.81427
34.55000,1700,-2.10753
34.56250,1700,-1.86315
34.57500,1700,-2.00978
34.58750,1700,-1.96090
34.60000,1700,-2.00978
34.61250,1700,-1.47214
34.62500,1700,-1.91202
34.63750,1700,-2.00978
34.65000,1700,-2.00978
34.66250,1700,-2.00978
34.67500,1700,-1.81427
34.68750,1700,-1.91202
34.70000,1700,-2.15640
34.71250,1700,-1.42327
34.72500,1700,-1.91202
34.73750,1700,-2.00978
34.75000,1700,-1.86315
34.76250,1700,-2.10753
34.77500,1700,-1.81427
34.78750,1700,-1.91202
34.80000,1700,-2.05865
34.81250,1700,-1.81427
34.82500,1700,-2.10753
34.83750,1700,-1.52102
34.85000,1700,-1.91202
34.86250,1700,-1.91202
34.87500,1700,-1.86315
34.88750,1700,-2.05865
34.90000,1700,-2.00978
34.91250,1700,-2.05865
34.92500,1700,-1.86315
34.93750,1700,-2.05865
34.95000,1700,-1.86315
34.96250,1700,-2.05865
34.97500,1700,-1.47214
34.98750,1700,-1.96090
35.00000,1700,-1.76540
35.01250,1709,-1.86315
35.02501,1721,-2.20528
35.03750,1732,-2.44966
35.05000,1744,-2.25415
35.06250,1755,-2.54741
35.07500,1767,-2.93842
35.08750,1778,-1.91202
35.10000,1788,-3.52493
35.11250,1799,-3.28055
35.12501,1809,-3.67155
35.13750,1818,-3.28055
35.15000,1828,-3.67155
35.16250,1837,-4.06256
35.17500,1845,-3.57380
35.18750,1853,-3.13392
35.20000,1860,-4.06256
35.21250,1867,-4.01369
35.22500,1873,-3.08504
35.23750,1878,-3.42717
35.25000,1883,-3.18280
35.26250,1888,-3.37830
35.27500,1891,-3.67155
35.28750,1894,-2.98729
35.30000,1897,-3.23167
35.31250,1898,-4.69795
35.32500,1899,-4.60020
35.33750,1899,-4.20919
35.35000,1899,-4.35582
35.36250,1898,-4.06256
35.37500,1896,-2.84066
35.38750,1894,-4.35582
35.40000,1890,-4.60020
35.41250,1887,-3.03617
35.42500,1882,-2.98729
35.43750,1877,-4.16031
35.45000,1871,-4.16031
35.46250,1865,-4.16031
35.47500,1858,-3.72043
35.48750,1850,-3.13392
35.50000,1842,-3.81818
35.51250,1834,-3.52493
35.52500,1825,-4.11144
35.53750,1816,-3.28055
35.55000,1806,-2.74291
35.56250,1796,-3.32942
35.57500,1785,-3.03617
35.58750,1774,-3.13392
35.60000,1763,-2.74291
35.61250,1752,-2.69404
35.62500,1741,-2.79179
35.63751,1729,-2.59629
35.65000,1717,-2.40078
35.66250,1706,-2.00978
35.67500,1695,-2.00978
35.68750,1683,-1.71652
35.70000,1671,-1.52102
35.71250,1660,-1.13001
35.72500,1648,-1.27664
35.73750,1637,-1.03226
35.75000,1626,-1.08114
35.76250,1615,-0.73900
35.77500,1605,-0.49462
35.78750,1595,-0.54350
35.80000,1585,-0.25024
35.81250,1575,-0.05474
35.82500,1566,-0.05474
35.83750,1558,-0.00587
35.85000,1550,-0.00587
35.86250,1542,0.04301
35.87500,1535,0.04301
35.88750,1529,-0.00587
35.90000,1523,0.04301
35.91250,1518,-0.00587
35.92500,1514,-0.00587
35.93750,1510,-0.00587
35.95000,1507,-0.00587
35.96250,1504,-0.00587
35.97500,1502,-0.05474
35.98750,1501,-0.00587
36.00000,1501,-0.00587
36.01250,1501,-0.00587
36.02501,1502,-0.00587
36.03750,1503,-0.00587
36.05000,1506,0.04301
36.06250,1508,-0.00587
36.07500,1512,-0.00587
36.08750,1516,-0.00587
36.10000,1521,-0.00587
36.11250,1527,-0.00587
36.12500,1533,0.04301
36.13751,1540,0.04301
36.15000,1547,-0.00587
36.16250,1555,-0.00587
36.17500,1563,0.04301
36.18750,1572,-0.00587
36.20000,1581,-0.34800
36.21250,1591,-0.39687
36.22500,1601,-0.34800
36.23750,1611,-0.15249
36.25000,1622,-0.25024
36.26250,1633,-0.15249
36.27500,1644,-0.39687
36.28750,1655,-0.39687
36.30000,1667,-0.10362
36.31250,1679,-0.05474
36.32500,1690,-0.00587
36.33750,1701,-0.34800
36.35000,1713,-0.25024
36.36250,1725,-0.54350
36.37500,1736,-1.66764
36.38750,1748,-1.27664
36.40000,1759,-1.61877
36.41250,1770,-2.93842
36.42500,1781,-2.79179
36.43750,1792,-3.52493
36.45000,1802,-3.13392
36.46250,1812,-3.42717
36.47500,1822,-3.62268
36.48751,1831,-3.57380
36.50000,1839,-3.03617
36.51250,1848,-4.16031
36.52500,1855,-3.91593
36.53750,1862,-3.03617
36.55000,1869,-4.06256
36.56250,1875,-4.06256
36.57500,1880,-4.50244
36.58750,1885,-3.57380
36.60000,1889,-4.64907
36.61250,1892,-4.11144
36.62500,1895,-4.25806
36.63750,1897,-3.67155
36.65000,1899,-4.45357
36.66250,1899,-4.35582
36.67500,1899,-3.47605
36.68750,1899,-4.16031
36.70000,1897,-3.52493
36.71250,1895,-4.64907
36.72500,1893,-2.98729
36.73750,1889,-2.79179
36.75000,1885,-3.67155
36.76250,1880,-4.69795
36.77500,1875,-2.79179
36.78750,1869,-4.11144
36.80000,1863,-4.25806
36.81250,1856,-3.18280
36.82500,1848,-2.79179
36.83750,1840,-3.81818
36.85000,1831,-3.86706
36.86250,1822,-3.72043
36.87500,1812,-3.57380
36.88750,1803,-3.18280
36.90000,1792,-2.54741
36.91250,1782,-3.57380
36.92500,1771,-3.13392
36.93750,1760,-2.74291
36.95000,1748,-2.35191
36.96250,1737,-2.35191
36.97500,1725,-2.49853
36.98750,1713,-2.20528
37.00000,1702,-1.47214
37.01250,1691,-1.71652
37.02500,1679,-1.47214
37.03750,1668,-1.47214
37.05000,1656,-1.52102
37.06250,1645,-0.69013
37.07500,1633,-0.88563
37.08750,1622,-0.93451
37.10000,1612,-0.34800
37.11250,1601,-0.39687
37.12500,1591,-0.44575
37.13750,1582,-0.25024
37.15000,1572,-0.25024
37.16250,1563,-0.10362
37.17500,1555,0.04301
37.18750,1547,-0.05474
37.20000,1540,0.04301
37.21250,1533,-0.00587
37.22500,1527,-0.00587
37.23750,1522,0.04301
37.25000,1517,-0.00587
37.26250,1512,-0.00587
37.27500,1509,-0.00587
37.28750,1506,-0.00587
37.30000,1503,-0.00587
37.31250,1502,-0.00587
37.32500,1501,-0.00587
37.33750,1501,-0.00587
37.35000,1501,0.04301
37.36250,1502,-0.00587
37.37500,1504,0.04301
37.38750,1506,-0.00587
37.40000,1510,-0.00587
37.41250,1513,-0.00587
37.42500,1518,-0.00587
37.43750,1523,0.04301
37.45000,1529,0.04301
37.46250,1535,0.04301
37.47500,1542,-0.00587
37.48750,1550,-0.00587
37.50000,1558,-0.00587
37.51250,1566,-0.00587
37.52500,1575,-0.00587
37.53750,1584,-0.69013
37.55001,1594,-0.83676
37.56250,1604,-0.29912
37.57500,1615,-0.29912
37.58751,1626,-0.25024
37.60000,1637,-0.10362
37.61250,1648,-0.15249
37.62500,1659,-0.10362
37.63750,1671,-0.05474
37.65001,1683,-0.10362
37.66250,1694,-0.15249
37.67500,1700,-0.05474
37.68750,1700,-0.00587
37.70000,1700,-0.34800
37.71250,1700,-0.25024
37.72500,1700,-0.59237
37.73750,1700,-1.47214
37.75000,1700,-1.22776
37.76250,1700,-1.61877
37.77500,1700,-2.35191
37.78750,1700,-2.00978
37.80000,1700,-1.91202
37.81250,1700,-1.86315
37.82500,1700,-2.00978
37.83750,1700,-2.00978
37.85000,1700,-1.91202
37.86250,1700,-1.76540
37.87500,1700,-1.86315
37.88750,1700,-1.86315
37.90000,1700,-1.81427
37.91250,1700,-1.71652
37.92500,1700,-1.27664
37.93750,1700,-2.05865
37.95000,1700,-1.96090
37.96250,1700,-1.91202
37.97500,1700,-1.71652
37.98750,1700,-1.86315
38.00000,1700,-1.81427
38.01250,1700,-1.37439
38.02500,1700,-2.05865
38.03750,1700,-1.96090
38.05000,1700,-1.81427
38.06250,1700,-1.37439
38.07500,1700,-1.96090
38.08750,1700,-1.91202
38.10000,1700,-2.00978
38.11250,1700,-1.91202
38.12500,1700,-2.00978
38.13750,1700,-1.81427
38.15000,1700,-1.42327
38.16250,1700,-2.00978
38.17500,1700,-1.91202
38.18750,1700,-1.86315
38.20000,1700,-1.96090
38.21250,1700,-2.20528
38.22500,1700,-2.00978
38.23750,1700,-1.56989
38.25000,1700,-1.86315
38.26250,1700,-1.86315
38.27500,1700,-1.91202
38.28750,1700,-1.91202
38.30000,1700,-1.86315
38.31250,1700,-1.96090
38.32500,1700,-1.86315
38.33750,1700,-1.76540
38.35000,1700,-1.96090
38.36250,1700,-1.86315
38.37500,1700,-1.91202
38.38750,1700,-1.86315
38.40000,1700,-1.96090
38.41250,1700,-2.10753
38.42500,1700,-1.61877
38.43750,1700,-1.96090
38.45000,1700,-1.81427
38.46250,1700,-2.10753
38.47500,1700,-2.00978
38.48750,1700,-1.32551
38.50000,1700,-2.10753
38.51250,1700,-2.00978
38.52500,1700,-1.96090
38.53750,1700,-1.91202
38.55000,1700,-1.52102
38.56250,1700,-2.05865
38.57500,1700,-1.81427
38.58750,1700,-2.10753
38.60000,1700,-2.00978
38.61250,1700,-1.91202
38.62500,1700,-1.91202
38.63750,1700,-2.05865
38.65000,1700,-1.91202
38.66250,1700,-1.81427
38.67500,1707,-1.86315
38.68750,1723,-2.10753
38.70000,1738,-2.20528
38.71250,1753,-2.30303
38.72500,1768,-2.79179
38.73750,1783,-3.08504
38.75000,1797,-2.93842
38.76250,1810,-3.67155
38.77500,1823,-3.42717
38.78750,1835,-3.52493
38.80000,1846,-3.76930
38.81250,1856,-3.76930
38.82500,1866,-3.13392
38.83750,1874,-4.45357
38.85000,1881,-4.25806
38.86251,1887,-4.01369
38.87500,1892,-3.57380
38.88750,1896,-2.98729
38.90000,1898,-3.18280
38.91250,1899,-2.93842
38.92500,1899,-3.23167
38.93750,1898,-4.79570
38.95000,1896,-3.67155
38.96250,1892,-3.32942
38.97500,1887,-4.50244
38.98750,1881,-3.81818
39.00000,1874,-3.86706
39.01251,1866,-4.35582
39.02500,1857,-4.01369
39.03750,1847,-3.57380
39.05000,1836,-2.93842
39.06250,1824,-3.72043
39.07500,1811,-3.81818
39.08750,1798,-2.98729
39.10000,1784,-3.28055
39.11250,1769,-3.42717
39.12500,1754,-3.18280
39.13750,1739,-2.49853
39.15000,1723,-2.05865
39.16250,1708,-1.91202
39.17500,1693,-1.56989
39.18750,1677,-1.81427
39.20000,1662,-1.42327
39.21250,1647,-1.71652
39.22500,1632,-0.88563
39.23750,1617,-0.49462
39.25000,1603,-0.64125
39.26250,1590,-0.29912
39.27500,1577,-0.15249
39.28750,1565,-0.15249
39.30001,1554,0.04301
39.31250,1544,-0.00587
39.32500,1534,0.04301
39.33750,1526,0.14076
39.35000,1519,0.04301
39.36250,1513,0.04301
39.37500,1508,0.04301
39.38750,1504,-0.00587
39.40000,1502,-0.00587
39.41250,1501,-0.00587
39.42500,1501,-0.00587
39.43750,1502,-0.00587
39.45000,1504,-0.00587
39.46250,1508,0.04301
39.47500,1513,-0.00587
39.48750,1519,-0.00587
39.50000,1526,0.04301
39.51250,1534,0.04301
39.52500,1543,0.04301
39.53750,1553,0.04301
39.55000,1564,0.04301
39.56250,1576,0.04301
39.57500,1589,0.04301
39.58750,1602,-0.00587
39.60000,1616,-0.00587
39.61250,1631,-0.00587
39.62500,1646,-2.20528
39.63750,1661,-0.34800
39.65000,1677,-0.39687
39.66250,1692,-0.25024
39.67500,1707,-0.15249
39.68750,1723,-0.25024
39.70000,1738,-0.10362
39.71250,1753,-0.05474
39.72500,1768,-0.05474
39.73750,1783,-0.10362
39.75000,1797,-0.10362
39.76250,1810,-0.05474
39.77500,1823,-0.39687
39.78750,1835,-0.34800
39.80000,1846,-0.69013
39.81250,1856,-0.44575
39.82500,1866,-1.37439
39.83750,1874,-1.81427
39.85000,1881,-1.76540
39.86250,1887,-2.25415
39.87500,1892,-3.32942
39.88750,1896,-3.96481
39.90000,1898,-4.16031
39.91250,1899,-3.37830
39.92500,1899,-4.50244
39.93750,1898,-4.25806
39.95000,1896,-4.06256
39.96250,1892,-3.18280
39.97500,1887,-4.40469
39.98750,1881,-4.69795
40.00000,1874,-3.76930
40.01250,1866,-2.88954
40.02500,1857,-4.30694
40.03750,1847,-3.91593
40.05000,1836,-4.35582
40.06250,1824,-3.67155
40.07500,1811,-3.76930
40.08750,1798,-3.76930
40.10000,1784,-2.69404
40.11250,1769,-3.47605
40.12500,1754,-2.88954
40.13750,1739,-2.93842
40.15000,1723,-2.69404
40.16250,1708,-2.05865
40.17500,1693,-1.91202
40.18750,1677,-1.96090
40.20001,1662,-1.52102
40.21250,1647,-1.32551
40.22500,1632,-1.13001
40.23750,1617,-0.49462
40.25000,1603,-0.59237
40.26250,1590,-0.20137
40.27500,1577,-0.15249
40.28750,1565,-0.10362
40.30000,1554,0.04301
40.31250,1544,-0.05474
40.32500,1534,-0.00587
40.33750,1526,0.09189
40.35000,1519,0.04301
40.36250,1513,0.04301
40.37500,1508,0.04301
40.38750,1504,-0.00587
40.40000,1502,-0.00587
40.41250,1501,-0.05474
40.42500,1501,-0.00587
40.43750,1502,-0.00587
40.45000,1504,0.04301
40.46250,1508,-0.00587
40.47500,1513,-0.00587
40.48751,1519,-0.00587
40.50000,1526,0.04301
40.51250,1534,-0.00587
40.52500,1543,-0.00587
40.53750,1553,-0.00587
40.55000,1564,-0.00587
40.56250,1576,-0.00587
40.57500,1589,-0.00587
40.58750,1602,-0.00587
40.60000,1616,-0.00587
40.61250,1631,-0.00587
40.62500,1646,-0.00587
40.63750,1661,-2.98729
40.65000,1677,-3.18280
40.66250,1692,-0.34800
40.67500,1700,-0.29912
40.68750,1700,-0.10362
40.70000,1700,-0.15249
40.71250,1700,-0.05474
40.72500,1700,-0.10362
40.73750,1700,-0.00587
40.75000,1700,-0.10362
40.76250,1700,-0.05474
40.77500,1700,-0.10362
40.78750,1700,-0.05474
40.80000,1700,-0.39687
40.81250,1700,-0.25024
40.82500,1700,-0.59237
40.83750,1700,-1.42327
40.85000,1700,-1.27664
40.86250,1700,-1.56989
40.87500,1700,-2.35191
40.88750,1700,-2.15640
40.90000,1700,-1.91202
40.91250,1700,-1.91202
40.92500,1700,-1.91202
40.93750,1700,-2.05865
40.95000,1700,-1.81427
40.96250,1700,-1.76540
40.97500,1700,-1.22776
40.98750,1700,-1.91202
41.00000,1700,-1.86315
41.01250,1700,-1.71652
41.02500,1700,-1.66764
41.03750,1700,-2.00978
41.05000,1700,-1.86315
41.06250,1700,-1.66764
41.07500,1700,-1.81427
41.08750,1700,-1.71652
41.10000,1700,-1.86315
41.11250,1700,-1.81427
41.12500,1700,-1.76540
41.13750,1700,-1.91202
41.15000,1700,-2.00978
41.16250,1700,-1.86315
41.17500,1700,-1.81427
41.18750,1700,-1.91202
41.20000,1700,-1.71652
41.21250,1700,-1.96090
41.22500,1700,-1.76540
41.23750,1700,-1.76540
41.25000,1700,-2.00978
41.26250,1700,-1.86315
41.27500,1700,-1.37439
41.28750,1700,-1.81427
41.30000,1700,-1.76540
41.31250,1700,-1.91202
41.32500,1700,-1.86315
41.33750,1700,-1.37439
41.35000,1700,-2.05865
41.36250,1700,-1.91202
41.37500,1700,-1.96090
41.38750,1700,-1.76540
41.40000,1700,-1.61877
41.41250,1700,-1.86315
41.42500,1700,-1.76540
41.43750,1700,-2.20528
41.45000,1700,-2.05865
41.46250,1700,-2.10753
41.47500,1700,-1.91202
41.48750,1700,-1.56989
41.50000,1700,-2.05865
41.51250,1700,-1.91202
41.52500,1700,-1.91202
41.53750,1700,-2.05865
41.55000,1700,-1.61877
41.56250,1700,-2.05865
41.57500,1700,-1.91202
41.58750,1700,-2.00978
41.60000,1700,-2.00978
41.61250,1700,-1.91202
41.62500,1700,-2.15640
41.63750,1700,-2.10753
41.65000,1700,-2.10753
41.66250,1700,-2.10753
41.67500,1711,-1.86315
41.68750,1734,-1.96090
41.70001,1757,-2.59629
41.71250,1779,-2.15640
41.72500,1800,-2.44966
41.73750,1820,-2.74291
41.75000,1838,-3.86706
41.76250,1854,-3.91593
41.77500,1868,-3.37830
41.78750,1879,-4.20919
41.80000,1888,-3.96481
41.81250,1895,-3.13392
41.82500,1898,-4.30694
41.83750,1899,-3.42717
41.85000,1898,-4.55132
41.86250,1893,-4.60020
41.87500,1886,-2.74291
41.88750,1876,-4.79570
41.90000,1864,-4.45357
41.91250,1849,-3.52493
41.92500,1833,-4.06256
41.93750,1814,-4.06256
41.95000,1794,-3.08504
41.96251,1773,-2.69404
41.97500,1751,-3.28055
41.98750,1728,-2.93842
42.00000,1704,-2.20528
42.01250,1682,-2.49853
42.02500,1658,-1.71652
42.03750,1636,-0.73900
42.05000,1614,-0.98338
42.06251,1593,-0.29912
42.07500,1574,-0.10362
42.08750,1557,-0.20137
42.10000,1541,0.09189
42.11250,1528,0.04301
42.12500,1518,0.04301
42.13750,1509,0.18964
42.15000,1504,0.04301
42.16250,1501,0.04301
42.17500,1501,0.04301
42.18750,1503,0.04301
42.20000,1509,-0.00587
42.21250,1517,0.04301
42.22500,1528,0.04301
42.23750,1541,0.04301
42.25000,1556,0.04301
42.26250,1573,-0.00587
42.27500,1592,-0.00587
42.28750,1613,-0.00587
42.30000,1634,0.04301
42.31250,1657,0.04301
42.32500,1680,-0.00587
42.33750,1703,0.04301
42.35000,1726,-0.00587
42.36250,1749,-0.00587
42.37500,1772,0.04301
42.38750,1793,-0.00587
42.40000,1813,0.04301
42.41250,1832,0.04301
42.42500,1849,-4.64907
42.43750,1863,-0.54350
42.45000,1876,-0.29912
42.46250,1885,-0.29912
42.47500,1893,-0.10362
42.48750,1898,-0.10362
42.50000,1899,-0.05474
42.51250,1899,-0.15249
42.52500,1895,-0.15249
42.53750,1889,-0.00587
42.55000,1880,-0.05474
42.56250,1868,-0.10362
42.57500,1855,-0.49462
42.58750,1839,-0.25024
42.60000,1821,-0.64125
42.61250,1801,-0.59237
42.62500,1780,-1.56989
42.63750,1758,-2.05865
42.65000,1735,-1.61877
42.66250,1712,-3.13392
42.67500,1689,-1.76540
42.68750,1666,-2.15640
42.70000,1643,-0.98338
42.71250,1621,-1.32551
42.72500,1600,-0.73900
42.73750,1580,-0.05474
42.75000,1562,-0.29912
42.76250,1546,0.14076
42.77500,1532,0.23851
42.78750,1521,0.04301
42.80000,1512,0.09189
42.81250,1505,0.04301
42.82500,1502,-0.00587
42.83751,1501,-0.00587
42.85000,1502,0.04301
42.86250,1507,-0.00587
42.87500,1514,-0.05474
42.88750,1524,-0.00587
42.90000,1536,-0.00587
42.91250,1551,0.04301
42.92500,1567,0.04301
42.93750,1586,0.04301
42.95000,1606,-0.00587
42.96250,1627,0.04301
42.97500,1649,-0.00587
42.98750,1672,-0.00587
43.00000,1696,-0.00587
43.01250,1700,-0.00587
43.02500,1700,-0.00587
43.03750,1700,0.04301
43.05000,1700,-0.00587
43.06250,1700,0.04301
43.07500,1700,0.04301
43.08750,1700,-4.16031
43.10000,1700,-0.34800
43.11250,1700,-0.25024
43.12500,1700,-0.20137
43.13750,1700,-0.15249
43.15000,1700,-0.10362
43.16250,1700,-0.10362
43.17500,1700,-0.10362
43.18750,1700,-0.10362
43.20000,1700,-0.10362
43.21250,1700,-0.00587
43.22500,1700,-0.10362
43.23750,1700,-0.39687
43.25000,1700,-0.29912
43.26250,1700,-0.54350
43.27500,1700,-1.03226
43.28750,1700,-0.73900
43.30000,1700,-1.96090
43.31250,1700,-1.61877
43.32500,1700,-2.30303
43.33750,1700,-2.25415
43.35000,1700,-2.30303
43.36250,1700,-1.96090
43.37500,1700,-2.15640
43.38750,1700,-2.25415
43.40000,1700,-2.05865
43.41250,1700,-1.96090
43.42500,1700,-2.10753
43.43750,1700,-1.96090
43.45000,1700,-1.86315
43.46250,1700,-2.10753
43.47500,1700,-1.91202
43.48750,1700,-2.25415
43.50000,1700,-2.05865
43.51250,1700,-1.91202
43.52500,1700,-1.96090
43.53750,1700,-1.42327
43.55000,1700,-2.00978
43.56250,1700,-1.91202
43.57500,1700,-2.10753
43.58750,1700,-2.10753
43.60000,1700,-1.76540
43.61250,1700,-2.00978
43.62501,1700,-1.91202
43.63750,1700,-2.10753
43.65000,1700,-1.91202
43.66250,1700,-1.86315
43.67500,1700,-2.15640
43.68750,1700,-1.96090
43.70000,1700,-2.10753
43.71250,1700,-1.91202
43.72500,1700,-1.96090
43.73750,1700,-2.00978
43.75000,1700,-1.86315
43.76250,1700,-2.10753
43.77500,1700,-2.10753
43.78750,1700,-1.61877
43.80000,1700,-2.05865
43.81250,1700,-1.96090
43.82500,1700,-2.10753
43.83750,1700,-2.00978
43.85000,1700,-1.91202
43.86250,1700,-2.25415
43.87500,1700,-2.10753
43.88750,1700,-1.42327
43.90000,1700,-2.05865
43.91250,1700,-1.91202
43.92500,1700,-1.86315
43.93750,1700,-2.05865
43.95000,1700,-1.86315
43.96250,1700,-2.15640
43.97500,1700,-2.10753
43.98751,1700,-1.76540
44.00000,1700,-2.05865
44.01250,1724,-1.66764
44.02500,1755,-2.05865
44.03750,1785,-2.93842
44.05000,1812,-3.08504
44.06250,1836,-3.72043
44.07500,1857,-2.93842
44.08750,1875,-3.96481
44.10000,1888,-3.76930
44.11250,1896,-4.45357
44.12500,1899,-4.06256
44.13750,1898,-4.20919
44.15000,1892,-3.67155
44.16250,1881,-3.18280
44.17500,1865,-3.81818
44.18750,1845,-3.03617
44.20000,1822,-3.13392
44.21250,1796,-3.18280
44.22500,1767,-2.30303
44.23750,1737,-2.98729
44.25000,1706,-2.20528
44.26251,1676,-2.10753
44.27500,1645,-1.27664
44.28750,1615,-1.37439
44.30000,1588,-0.25024
44.31250,1564,-0.29912
44.32500,1543,-0.15249
44.33750,1525,0.33627
44.35000,1512,0.09189
44.36250,1504,0.04301
44.37500,1501,-0.00587
44.38750,1502,-0.00587
44.40000,1508,-0.00587
44.41250,1519,-0.00587
44.42500,1535,-0.00587
44.43750,1555,-0.00587
44.45000,1578,-0.00587
44.46250,1604,0.04301
44.47500,1633,-0.00587
44.48750,1663,-0.00587
44.50000,1694,0.04301
44.51250,1724,-0.00587
44.52500,1755,-0.00587
44.53750,1785,-0.00587
44.55000,1812,0.04301
44.56250,1836,-0.00587
44.57500,1857,0.04301
44.58750,1875,0.04301
44.60000,1888,-0.00587
44.61250,1896,-0.00587
44.62500,1899,0.04301
44.63750,1898,-0.29912
44.65000,1892,-0.39687
44.66250,1881,-0.34800
44.67500,1865,-0.15249
44.68750,1845,-0.25024
44.70000,1822,-0.15249
44.71250,1796,-0.10362
44.72500,1767,-0.05474
44.73750,1737,-0.10362
44.75000,1706,-0.10362
44.76250,1676,-0.10362
44.77500,1645,-0.05474
44.78750,1615,-0.10362
44.80000,1588,-0.29912
44.81250,1564,-0.20137
44.82500,1543,-0.44575
44.83750,1525,0.04301
44.85000,1512,-0.00587
44.86250,1504,0.04301
44.87500,1501,-0.00587
44.88750,1502,-0.00587
44.90000,1508,-0.00587
44.91250,1519,0.04301
44.92500,1535,-0.00587
44.93750,1555,-0.05474
44.95000,1578,-0.05474
44.96250,1604,-0.49462
44.97500,1633,-0.98338
44.98750,1663,-1.56989
45.00000,1694,-2.74291
45.01250,1700,-2.10753
45.02500,1700,-2.59629
45.03750,1700,-2.25415
45.05000,1700,-2.35191
45.06250,1700,-2.35191
45.07500,1700,-2.30303
45.08750,1700,-2.25415
45.10000,1700,-2.10753
45.11250,1700,-2.05865
45.12500,1700,-2.10753
45.13750,1700,-1.86315
45.15000,1700,-2.10753
45.16250,1700,-1.86315
45.17500,1700,-2.20528
45.18750,1700,-2.05865
45.20000,1700,-2.00978
45.21250,1700,-1.47214
45.22500,1700,-1.96090
45.23750,1700,-1.47214
45.25000,1700,-2.05865
45.26250,1700,-1.91202
45.27500,1700,-1.86315
45.28750,1700,-2.10753
45.30000,1700,-1.91202
45.31250,1700,-2.15640
45.32500,1700,-2.05865
45.33750,1700,-2.05865
45.35000,1700,-1.37439
45.36250,1700,-1.91202
45.37500,1700,-1.37439
45.38750,1700,-2.15640
45.40000,1700,-1.47214
45.41250,1700,-2.00978
45.42500,1700,-1.52102
45.43750,1700,-1.96090
45.45000,1700,-1.56989
45.46250,1700,-2.00978
45.47500,1700,-1.81427
45.48750,1700,-1.71652
45.50000,1700,-2.05865
45.51250,1700,-1.86315
45.52500,1700,-2.10753
45.53750,1700,-1.42327
45.55000,1700,-1.81427
45.56250,1700,-1.91202
45.57500,1700,-1.71652
45.58750,1700,-2.10753
45.60000,1700,-1.86315
45.61250,1700,-1.81427
45.62500,1700,-1.86315
45.63750,1700,-1.76540
45.65000,1700,-2.00978
45.66250,1700,-1.66764
45.67500,1700,-1.91202
45.68750,1700,-2.00978
45.70000,1700,-1.81427
45.71250,1700,-2.00978
45.72500,1700,-1.42327
45.73750,1700,-1.91202
45.75000,1700,-1.86315
45.76250,1700,-1.66764
45.77500,1700,-2.10753
45.78750,1700,-2.00978
45.80000,1700,-2.05865
45.81250,1700,-1.81427
45.82500,1700,-1.96090
45.83750,1700,-1.71652
45.85000,1700,-1.96090
45.86250,1700,-1.37439
45.87500,1700,-1.91202
45.88750,1700,-1.71652
45.90000,1700,-1.86315
45.91250,1700,-1.91202
45.92500,1700,-1.86315
45.93750,1700,-1.96090
45.95000,1700,-1.66764
45.96250,1700,-2.00978
45.97500,1700,-1.71652
45.98750,1700,-2.05865
46.00000,1700,-1.71652
