08750,1557,-0.03079
42.10000,1541,0.01808
42.11250,1528,-0.0300.01250,1701,0.02835
0.02501,1703,-0.02053
0.03750,1704,0.02835
0.05000,1706,0.02835
0.06250,1707,0.02835
0.07500,1709,-0.02053
0.08750,1710,0.02835
0.10000,1712,0.02835
0.11250,1714,0.02835
0.12500,1715,0.02835
0.13750,1717,-0.02053
0.15000,1718,-0.36266
0.16250,1720,-0.41153
0.17500,1721,-0.36266
0.18750,1723,-0.26491
0.20000,1725,-0.16716
0.21250,1726,-0.11828
0.22501,1728,-0.06940
0.23750,1729,-0.11828
0.25000,1731,-0.11828
0.26251,1732,-0.06940
0.27500,1734,-0.11828
0.28750,1735,-0.41153
0.30000,1737,-0.36266
0.31250,1739,-0.65591
0.32500,1740,-0.65591
0.33750,1742,-1.43793
0.35000,1743,-1.92669
0.36250,1745,-1.73118
0.37500,1746,-3.19746
0.38750,1748,-3.29521
0.40000,1749,-3.29521
0.41250,1751,-3.53959
0.42500,1752,-3.05083
0.43750,1754,-2.85533
0.45000,1755,-3.05083
0.46250,1757,-2.61095
0.47500,1758,-2.90420
0.48750,1760,-3.29521
0.50000,1761,-3.09971
0.51250,1763,-3.24633
0.52500,1764,-3.00195
0.53750,1766,-3.19746
0.55000,1767,-3.29521
0.56250,1769,-3.09971
0.57501,1770,-2.46432
0.58750,1772,-3.39296
0.60000,1773,-3.05083
0.61250,1775,-3.68622
0.62500,1776,-3.44184
0.63750,1777,-2.65982
0.65000,1779,-3.78397
0.66250,1780,-2.26882
0.67500,1782,-3.09971
0.68750,1783,-3.19746
0.70000,1785,-3.44184
0.71250,1786,-3.73509
0.72500,1787,-3.63734
0.73750,1789,-3.88172
0.75000,1790,-3.68622
0.76250,1792,-3.68622
0.77501,1793,-2.90420
0.78750,1794,-3.24633
0.80000,1796,-4.12610
0.81250,1797,-3.73509
0.82500,1799,-3.97947
0.83750,1800,-3.63734
0.85000,1801,-3.44184
0.86250,1803,-3.93060
0.87500,1804,-4.17498
0.88750,1805,-3.68622
0.90001,1807,-2.95308
0.91250,1808,-4.12610
0.92500,1809,-4.27273
0.93751,1811,-3.88172
0.95000,1812,-3.09971
0.96250,1813,-4.32160
0.97500,1814,-4.27273
0.98750,1816,-4.02835
1.00000,1817,-4.17498
1.01250,1818,-4.17498
1.02500,1820,-4.22385
1.03750,1821,-2.90420
1.05000,1822,-4.32160
1.06250,1823,-4.02835
1.07500,1825,-3.63734
1.08750,1826,-4.66373
1.10000,1827,-4.17498
1.11250,1828,-4.27273
1.12500,1829,-4.46823
1.13750,1831,-4.51711
1.15000,1832,-3.24633
1.16250,1833,-4.51711
1.17500,1834,-4.22385
1.18750,1835,-3.88172
1.20000,1836,-4.61486
1.21251,1838,-4.27273
1.22500,1839,-4.66373
1.23750,1840,-4.37048
1.25000,1841,-3.83284
1.26250,1842,-4.76149
1.27500,1843,-4.41936
1.28750,1844,-4.85924
1.30000,1845,-4.46823
1.31251,1846,-4.66373
1.32500,1847,-5.00586
1.33750,1848,-4.41936
1.35000,1850,-4.02835
1.36250,1851,-4.66373
1.37500,1852,-4.07722
1.38750,1853,-3.78397
1.40000,1854,-4.56598
1.41250,1855,-4.12610
1.42500,1856,-4.32160
1.43750,1857,-4.90811
1.45000,1858,-4.41936
1.46250,1858,-4.51711
1.47500,1859,-4.76149
1.48750,1860,-4.37048
1.50000,1861,-3.88172
1.51250,1862,-4.85924
1.52500,1863,-4.02835
1.53750,1864,-4.81036
1.55000,1865,-5.15249
1.56250,1866,-3.68622
1.57500,1867,-4.56598
1.58750,1868,-5.10362
1.60000,1868,-4.95699
1.61250,1869,-4.76149
1.62500,1870,-4.37048
1.63750,1871,-5.05474
1.65000,1872,-3.78397
1.66251,1872,-4.32160
1.67500,1873,-4.81036
1.68750,1874,-5.05474
1.70000,1875,-3.83284
1.71250,1876,-4.76149
1.72500,1876,-3.68622
1.73750,1877,-5.25024
1.75000,1878,-5.10362
1.76250,1878,-3.68622
1.77500,1879,-3.73509
1.78750,1880,-4.81036
1.80000,1880,-5.34800
1.81250,1881,-3.63734
1.82500,1882,-4.71261
1.83750,1882,-5.00586
1.85000,1883,-4.81036
1.86250,1884,-4.76149
1.87500,1884,-4.95699
1.88750,1885,-3.73509
1.90000,1885,-3.73509
1.91250,1886,-3.29521
1.92500,1887,-3.58846
1.93750,1887,-4.46823
1.95000,1888,-4.12610
1.96250,1888,-4.46823
1.97500,1889,-4.85924
1.98750,1889,-4.41936
2.00000,1890,-3.88172
2.01250,1890,-4.02835
2.02500,1891,-3.00195
2.03750,1891,-4.46823
2.05000,1892,-4.71261
2.06250,1892,-5.00586
2.07500,1892,-3.68622
2.08750,1893,-4.07722
2.10000,1893,-4.17498
2.11250,1894,-4.41936
2.12500,1894,-4.90811
2.13750,1894,-5.05474
2.15000,1895,-4.17498
2.16250,1895,-4.81036
2.17500,1895,-3.58846
2.18750,1896,-5.10362
2.20000,1896,-5.25024
2.21250,1896,-4.22385
2.22500,1897,-3.63734
2.23750,1897,-4.85924
2.25000,1897,-4.66373
2.26250,1897,-3.44184
2.27500,1898,-3.78397
2.28751,1898,-4.61486
2.30000,1898,-3.83284
2.31250,1898,-5.20137
2.32500,1898,-3.39296
2.33750,1898,-3.29521
2.35000,1899,-3.53959
2.36250,1899,-4.17498
2.37500,1899,-4.32160
2.38750,1899,-3.39296
2.40000,1899,-3.73509
2.41250,1899,-4.27273
2.42500,1899,-4.90811
2.43750,1899,-4.37048
2.45000,1899,-4.61486
2.46250,1899,-4.17498
2.47500,1899,-4.71261
2.48750,1899,-4.17498
2.50000,1900,-5.10362
2.51250,1899,-4.51711
2.52500,1899,-4.71261
2.53750,1899,-3.63734
2.55000,1899,-4.85924
2.56250,1899,-4.46823
2.57501,1899,-3.14858
2.58750,1899,-4.02835
2.60000,1899,-3.29521
2.61250,1899,-3.24633
2.62500,1899,-4.17498
2.63750,1899,-3.83284
2.65000,1899,-4.46823
2.66250,1898,-4.22385
2.67500,1898,-4.71261
2.68750,1898,-4.71261
2.70000,1898,-4.71261
2.71250,1898,-4.46823
2.72500,1898,-4.85924
2.73750,1897,-4.71261
2.75000,1897,-4.81036
2.76250,1897,-4.71261
2.77500,1897,-4.76149
2.78750,1896,-4.76149
2.80000,1896,-4.76149
2.81250,1896,-4.66373
2.82500,1895,-4.76149
2.83750,1895,-4.71261
2.85000,1895,-4.76149
2.86250,1894,-4.46823
2.87500,1894,-4.71261
2.88750,1894,-4.17498
2.90000,1893,-3.97947
2.91250,1893,-3.24633
2.92500,1892,-4.32160
2.93751,1892,-3.29521
2.95000,1892,-3.63734
2.96250,1891,-3.29521
2.97500,1891,-3.83284
2.98750,1890,-3.39296
3.00000,1890,-3.44184
3.01250,1889,-2.65982
3.02500,1889,-4.66373
3.03750,1888,-4.46823
3.05001,1888,-3.73509
3.06250,1887,-3.44184
3.07500,1887,-4.32160
3.08750,1886,-3.49071
3.10000,1885,-2.95308
3.11250,1885,-3.49071
3.12500,1884,-4.66373
3.13750,1884,-3.93060
3.15000,1883,-4.66373
3.16250,1882,-4.17498
3.17500,1882,-4.61486
3.18750,1881,-4.32160
3.20001,1880,-4.22385
3.21250,1880,-3.63734
3.22500,1879,-3.39296
3.23750,1878,-3.39296
3.25000,1878,-3.93060
3.26250,1877,-4.27273
3.27500,1876,-4.51711
3.28750,1876,-3.34409
3.30000,1875,-3.19746
3.31250,1874,-3.09971
3.32500,1873,-4.17498
3.33750,1872,-3.63734
3.35000,1872,-4.02835
3.36250,1871,-4.27273
3.37500,1870,-4.32160
3.38750,1869,-4.61486
3.40000,1868,-3.05083
3.41250,1868,-4.41936
3.42500,1867,-3.05083
3.43750,1866,-4.12610
3.45000,1865,-4.37048
3.46250,1864,-4.17498
3.47500,1863,-4.51711
3.48750,1862,-3.19746
3.50000,1861,-3.68622
3.51251,1860,-4.56598
3.52500,1859,-4.12610
3.53750,1858,-3.14858
3.55000,1858,-4.41936
3.56250,1857,-3.09971
3.57500,1856,-3.73509
3.58750,1855,-4.51711
3.60000,1854,-4.07722
3.61250,1853,-3.53959
3.62500,1852,-4.07722
3.63750,1851,-3.63734
3.65000,1850,-3.68622
3.66250,1848,-3.97947
3.67500,1847,-3.83284
3.68750,1846,-3.58846
3.70000,1845,-4.32160
3.71250,1844,-3.49071
3.72501,1843,-3.00195
3.73750,1842,-4.32160
3.75000,1841,-3.93060
3.76250,1840,-4.07722
3.77501,1839,-2.95308
3.78750,1838,-4.22385
3.80000,1836,-3.19746
3.81250,1835,-3.78397
3.82500,1834,-3.24633
3.83750,1833,-3.88172
3.85000,1832,-3.58846
3.86250,1831,-3.53959
3.87500,1829,-4.02835
3.88750,1828,-3.63734
3.90000,1827,-3.83284
3.91250,1826,-2.95308
3.92500,1825,-3.68622
3.93750,1823,-3.88172
3.95000,1822,-3.58846
3.96250,1821,-3.83284
3.97500,1820,-3.58846
3.98750,1818,-2.95308
4.00000,1817,-3.63734
4.01250,1816,-3.24633
4.02500,1815,-3.53959
4.03750,1813,-3.19746
4.05000,1812,-3.44184
4.06250,1811,-3.73509
4.07500,1809,-3.34409
4.08750,1808,-3.58846
4.10000,1807,-3.39296
4.11250,1805,-3.39296
4.12500,1804,-3.14858
4.13750,1803,-3.29521
4.15000,1801,-3.73509
4.16250,1800,-3.24633
4.17500,1799,-3.63734
4.18750,1797,-2.95308
4.20001,1796,-3.53959
4.21250,1794,-3.34409
4.22500,1793,-3.44184
4.23750,1792,-3.58846
4.25000,1790,-3.34409
4.26250,1789,-3.53959
4.27500,1787,-3.34409
4.28750,1786,-3.34409
4.30000,1785,-3.34409
4.31250,1783,-3.14858
4.32500,1782,-3.24633
4.33750,1780,-3.19746
4.35000,1779,-3.14858
4.36250,1777,-3.14858
4.37500,1776,-3.14858
4.38750,1775,-3.29521
4.40000,1773,-3.09971
4.41250,1772,-3.09971
4.42500,1770,-3.09971
4.43750,1769,-2.70870
4.45000,1767,-3.19746
4.46250,1766,-2.85533
4.47500,1764,-3.09971
4.48750,1763,-2.95308
4.50000,1761,-2.90420
4.51250,1760,-3.14858
4.52500,1758,-2.95308
4.53750,1757,-2.90420
4.55000,1755,-2.36657
4.56250,1754,-3.05083
4.57500,1752,-2.70870
4.58750,1751,-2.65982
4.60000,1749,-2.70870
4.61250,1748,-1.92669
4.62500,1746,-2.07331
4.63750,1745,-2.70870
4.65000,1743,-2.80645
4.66250,1742,-2.80645
4.67500,1740,-2.56207
4.68750,1739,-2.51320
4.70000,1737,-2.61095
4.71250,1735,-1.78006
4.72500,1734,-1.97556
4.73750,1732,-2.17107
4.75000,1731,-2.51320
4.76250,1729,-2.51320
4.77500,1728,-2.56207
4.78750,1726,-2.41544
4.80000,1725,-2.51320
4.81250,1723,-2.36657
4.82500,1721,-2.41544
4.83750,1720,-2.36657
4.85000,1718,-2.26882
4.86250,1717,-2.17107
4.87501,1715,-1.92669
4.88750,1714,-1.53568
4.90000,1712,-2.07331
4.91250,1710,-2.12219
4.92500,1709,-2.26882
4.93750,1707,-2.26882
4.95000,1706,-1.48680
4.96250,1704,-2.02444
4.97500,1703,-2.17107
4.98750,1701,-2.12219
5.00000,1700,-2.02444
5.01250,1699,-1.78006
5.02500,1697,-1.87781
5.03750,1696,-1.43793
5.05000,1694,-2.02444
5.06250,1693,-1.87781
5.07500,1691,-1.87781
5.08750,1690,-1.73118
5.10000,1688,-1.48680
5.11250,1686,-1.53568
5.12500,1685,-1.68231
5.13751,1683,-1.63343
5.15000,1682,-1.58456
5.16250,1680,-1.63343
5.17500,1679,-1.48680
5.18750,1677,-1.58456
5.20000,1675,-1.68231
5.21250,1674,-1.24243
5.22500,1672,-1.38905
5.23750,1671,-1.53568
5.25000,1669,-1.53568
5.26250,1668,-1.58456
5.27500,1666,-1.58456
5.28750,1665,-1.29130
5.30000,1663,-1.38905
5.31250,1661,-1.38905
5.32500,1660,-1.43793
5.33750,1658,-1.14467
5.35000,1657,-1.04692
5.36250,1655,-1.24243
5.37500,1654,-0.99805
5.38750,1652,-0.94917
5.40000,1651,-1.29130
5.41250,1649,-1.14467
5.42500,1648,-1.19355
5.43750,1646,-0.99805
5.45000,1645,-1.09580
5.46250,1643,-0.99805
5.47500,1642,-1.09580
5.48750,1640,-0.90029
5.50000,1639,-1.04692
5.51250,1637,-0.90029
5.52500,1636,-0.94917
5.53750,1634,-0.80254
5.55000,1633,-0.70479
5.56250,1631,-0.80254
5.57500,1630,-0.70479
5.58750,1628,-0.70479
5.60001,1627,-0.94917
5.61250,1625,-0.85142
5.62500,1624,-0.70479
5.63750,1623,-0.80254
5.65000,1621,-0.55816
5.66250,1620,-0.90029
5.67500,1618,-0.70479
5.68750,1617,-0.65591
5.70000,1615,-0.41153
5.71250,1614,-0.65591
5.72500,1613,-0.41153
5.73750,1611,-0.60704
5.75000,1610,-0.50929
5.76250,1608,-0.55816
5.77500,1607,-0.41153
5.78750,1606,-0.46041
5.80000,1604,-0.36266
5.81250,1603,-0.46041
5.82500,1601,-0.50929
5.83750,1600,-0.41153
5.85000,1599,-0.31378
5.86250,1597,-0.41153
5.87500,1596,-0.36266
5.88750,1595,-0.31378
5.90000,1593,-0.41153
5.91250,1592,-0.31378
5.92501,1591,-0.31378
5.93750,1589,-0.31378
5.95000,1588,-0.26491
5.96250,1587,-0.21603
5.97500,1586,-0.31378
5.98750,1584,-0.36266
6.00000,1583,-0.31378
6.01250,1582,-0.31378
6.02500,1580,-0.31378
6.03750,1579,-0.16716
6.05000,1578,-0.21603
6.06250,1577,-0.16716
6.07500,1575,-0.26491
6.08750,1574,-0.16716
6.10000,1573,-0.16716
6.11250,1572,-0.16716
6.12500,1571,-0.11828
6.13750,1569,-0.21603
6.15000,1568,-0.06940
6.16250,1567,-0.11828
6.17500,1566,-0.11828
6.18750,1565,-0.21603
6.20000,1564,-0.11828
6.21250,1562,-0.06940
6.22500,1561,-0.11828
6.23750,1560,-0.11828
6.25000,1559,-0.11828
6.26250,1558,-0.02053
6.27500,1557,-0.16716
6.28750,1556,-0.02053
6.30000,1555,-0.11828
6.31250,1554,-0.02053
6.32501,1553,-0.06940
6.33750,1552,-0.11828
6.35000,1550,-0.02053
6.36250,1549,-0.06940
6.37500,1548,-0.06940
6.38750,1547,-0.02053
6.40000,1546,-0.02053
6.41250,1545,-0.06940
6.42500,1544,-0.02053
6.43750,1543,-0.06940
6.45000,1542,-0.02053
6.46250,1542,-0.06940
6.47500,1541,-0.02053
6.48750,1540,-0.06940
6.50001,1539,-0.02053
6.51250,1538,-0.06940
6.52500,1537,-0.06940
6.53750,1536,0.02835
6.55000,1535,-0.02053
6.56250,1534,-0.06940
6.57500,1533,-0.02053
6.58750,1532,0.02835
6.60000,1532,-0.02053
6.61250,1531,-0.02053
6.62500,1530,-0.02053
6.63750,1529,-0.02053
6.65000,1528,-0.06940
6.66250,1528,-0.02053
6.67500,1527,-0.02053
6.68750,1526,-0.02053
6.70000,1525,-0.02053
6.71250,1524,-0.02053
6.72500,1524,-0.02053
6.73751,1523,-0.02053
6.75000,1522,0.02835
6.76250,1522,-0.02053
6.77500,1521,0.02835
6.78750,1520,-0.02053
6.80000,1520,-0.02053
6.81250,1519,0.02835
6.82500,1518,0.02835
6.83750,1518,-0.02053
6.85000,1517,0.02835
6.86250,1516,-0.02053
6.87500,1516,-0.02053
6.88750,1515,-0.02053
6.90000,1515,-0.02053
6.91250,1514,-0.02053
6.92500,1513,0.02835
6.93750,1513,-0.02053
6.95000,1512,-0.02053
6.96250,1512,0.02835
6.97500,1511,-0.02053
6.98750,1511,-0.02053
7.00000,1510,0.02835
7.01251,1510,-0.06940
7.02500,1509,-0.06940
7.03750,1509,-0.16716
7.05000,1508,-0.06940
7.06250,1508,-0.06940
7.07500,1508,-0.02053
7.08750,1507,-0.02053
7.10000,1507,-0.02053
7.11250,1506,-0.06940
7.12500,1506,-0.02053
7.13750,1506,-0.06940
7.15000,1505,-0.02053
7.16250,1505,0.02835
7.17500,1505,-0.06940
7.18750,1504,-0.02053
7.20000,1504,-0.02053
7.21250,1504,-0.02053
7.22500,1503,-0.02053
7.23750,1503,-0.02053
7.25000,1503,-0.06940
7.26250,1503,0.02835
7.27500,1502,-0.06940
7.28750,1502,-0.02053
7.30000,1502,-0.06940
7.31250,1502,-0.06940
7.32500,1502,-0.02053
7.33750,1502,-0.06940
7.35000,1501,-0.06940
7.36250,1501,-0.06940
7.37500,1501,-0.02053
7.38750,1501,-0.02053
7.40000,1501,-0.06940
7.41250,1501,-0.02053
7.42500,1501,-0.02053
7.43750,1501,-0.02053
7.45000,1501,-0.02053
7.46250,1501,-0.02053
7.47500,1501,-0.02053
7.48750,1501,-0.02053
7.50000,1500,-0.02053
7.51250,1501,-0.02053
7.52500,1501,0.02835
7.53750,1501,-0.02053
7.55000,1501,-0.02053
7.56250,1501,-0.06940
7.57500,1501,-0.02053
7.58750,1501,-0.02053
7.60000,1501,-0.02053
7.61250,1501,0.02835
7.62500,1501,-0.02053
7.63750,1501,0.02835
7.65000,1501,0.02835
7.66250,1502,0.02835
7.67500,1502,-0.02053
7.68750,1502,0.02835
7.70001,1502,0.02835
7.71250,1502,-0.02053
7.72500,1502,-0.02053
7.73750,1503,-0.02053
7.75000,1503,0.02835
7.76250,1503,0.02835
7.77500,1503,0.02835
7.78750,1504,0.02835
7.80000,1504,0.02835
7.81250,1504,-0.02053
7.82500,1505,-0.02053
7.83750,1505,-0.06940
7.85000,1505,0.02835
7.86250,1506,-0.02053
7.87500,1506,0.02835
7.88750,1506,0.02835
7.90000,1507,-0.02053
7.91250,1507,-0.02053
7.92500,1508,-0.02053
7.93750,1508,0.02835
7.95000,1508,-0.02053
7.96250,1509,0.02835
7.97500,1509,-0.02053
7.98750,1510,-0.02053
8.00000,1510,0.02835
8.01250,1511,0.02835
8.02500,1511,-0.02053
8.03750,1512,0.02835
8.05000,1512,-0.02053
8.06251,1513,0.02835
8.07500,1513,0.02835
8.08750,1514,-0.02053
8.10000,1515,-0.02053
8.11250,1515,-0.02053
8.12500,1516,0.02835
8.13750,1516,0.02835
8.15000,1517,-0.06940
8.16250,1518,-0.02053
8.17500,1518,-0.02053
8.18750,1519,-0.06940
8.20000,1520,-0.02053
8.21250,1520,-0.02053
8.22500,1521,-0.02053
8.23750,1522,0.02835
8.25000,1522,-0.02053
8.26250,1523,-0.06940
8.27500,1524,-0.02053
8.28750,1524,-0.02053
8.30000,1525,-0.02053
8.31250,1526,-0.06940
8.32500,1527,-0.06940
8.33750,1528,-0.06940
8.35000,1528,0.02835
8.36250,1529,0.02835
8.37500,1530,-0.06940
8.38750,1531,-0.02053
8.40000,1532,-0.02053
8.41250,1532,-0.02053
8.42501,1533,-0.02053
8.43750,1534,-0.02053
8.45000,1535,-0.02053
8.46250,1536,-0.02053
8.47500,1537,-0.02053
8.48750,1538,-0.02053
8.50000,1539,-0.02053
8.51250,1540,-0.06940
8.52500,1541,-0.11828
8.53750,1542,-0.02053
8.55000,1542,-0.06940
8.56250,1543,-0.02053
8.57500,1544,-0.02053
8.58750,1545,-0.02053
8.60001,1546,-0.02053
8.61250,1547,-0.06940
8.62500,1548,-0.02053
8.63750,1549,-0.06940
8.65000,1550,-0.06940
8.66250,1552,-0.16716
8.67500,1553,-0.11828
8.68750,1554,-0.11828
8.70000,1555,-0.11828
8.71250,1556,-0.06940
8.72500,1557,-0.11828
8.73750,1558,-0.16716
8.75000,1559,-0.16716
8.76250,1560,-0.11828
8.77501,1561,-0.11828
8.78750,1562,-0.06940
8.80000,1564,-0.11828
8.81250,1565,-0.21603
8.82500,1566,-0.16716
8.83750,1567,-0.16716
8.85000,1568,-0.16716
8.86250,1569,-0.16716
8.87500,1571,-0.21603
8.88750,1572,-0.21603
8.90000,1573,-0.26491
8.91250,1574,-0.26491
8.92500,1575,-0.21603
8.93750,1577,-0.26491
8.95000,1578,-0.26491
8.96250,1579,-0.21603
8.97500,1580,-0.21603
8.98750,1582,-0.21603
9.00000,1583,-0.26491
9.01250,1584,-0.26491
9.02500,1585,-0.21603
9.03750,1587,-0.26491
9.05000,1588,-0.26491
9.06251,1589,-0.26491
9.07500,1591,-0.26491
9.08750,1592,-0.31378
9.10000,1593,-0.36266
9.11250,1595,-0.26491
9.12500,1596,-0.41153
9.13750,1597,-0.41153
9.15000,1599,-0.41153
9.16250,1600,-0.41153
9.17500,1601,-0.55816
9.18750,1603,-0.46041
9.20000,1604,-0.46041
9.21250,1606,-0.46041
9.22500,1607,-0.46041
9.23750,1608,-0.55816
9.25000,1610,-0.36266
9.26250,1611,-0.50929
9.27501,1613,-0.41153
9.28750,1614,-0.70479
9.30000,1615,-0.60704
9.31250,1617,-0.65591
9.32500,1618,-0.70479
9.33750,1620,-0.50929
9.35000,1621,-0.55816
9.36250,1623,-0.41153
9.37500,1624,-0.65591
9.38750,1625,-0.99805
9.40000,1627,-0.75366
9.41251,1628,-0.90029
9.42500,1630,-0.90029
9.43750,1631,-0.80254
9.45000,1633,-0.85142
9.46250,1634,-0.90029
9.47500,1636,-0.99805
9.48750,1637,-0.94917
9.50000,1639,-0.90029
9.51250,1640,-1.14467
9.52500,1642,-1.04692
9.53750,1643,-0.99805
9.55000,1645,-0.94917
9.56250,1646,-0.94917
9.57500,1648,-1.14467
9.58750,1649,-0.90029
9.60000,1651,-1.19355
9.61250,1652,-0.99805
9.62500,1654,-1.29130
9.63750,1655,-1.14467
9.65000,1657,-1.04692
9.66250,1658,-1.04692
9.67500,1660,-1.24243
9.68750,1661,-1.53568
9.70000,1663,-1.34018
9.71250,1665,-1.43793
9.72500,1666,-1.48680
9.73750,1668,-1.04692
9.75000,1669,-1.43793
9.76250,1671,-1.43793
9.77501,1672,-1.09580
9.78750,1674,-1.53568
9.80000,1675,-1.34018
9.81250,1677,-1.43793
9.82500,1679,-1.14467
9.83750,1680,-1.43793
9.85000,1682,-1.63343
9.86251,1683,-1.92669
9.87500,1685,-1.34018
9.88751,1686,-1.97556
9.90000,1688,-1.97556
9.91250,1690,-2.02444
9.92500,1691,-1.97556
9.93750,1693,-2.02444
9.95000,1694,-2.07331
9.96250,1696,-2.02444
9.97500,1697,-1.58456
9.98750,1699,-1.92669
10.00000,1700,-2.07331
10.01251,1701,-1.78006
10.02500,1703,-2.12219
10.03750,1704,-2.07331
10.05000,1706,-1.87781
10.06250,1707,-2.17107
10.07500,1709,-2.12219
10.08750,1710,-2.12219
10.10000,1712,-1.53568
10.11250,1714,-2.26882
10.12500,1715,-1.63343
10.13750,1717,-2.31769
10.15000,1718,-2.36657
10.16250,1720,-2.21994
10.17501,1721,-2.41544
10.18750,1723,-2.56207
10.20000,1725,-2.51320
10.21250,1726,-2.70870
10.22501,1728,-2.51320
10.23751,1729,-2.85533
10.25000,1731,-2.75758
10.26250,1732,-2.75758
10.27501,1734,-2.70870
10.28750,1735,-2.70870
10.30000,1737,-2.80645
10.31250,1739,-2.56207
10.32500,1740,-2.51320
10.33750,1742,-2.70870
10.35000,1743,-1.92669
10.36250,1745,-2.46432
10.37500,1746,-2.80645
10.38751,1748,-2.75758
10.40000,1749,-3.00195
10.41250,1751,-3.05083
10.42500,1752,-3.14858
10.43750,1754,-2.95308
10.45000,1755,-3.09971
10.46250,1757,-2.85533
10.47500,1758,-2.17107
10.48750,1760,-3.00195
10.50000,1761,-2.85533
10.51250,1763,-3.09971
10.52500,1764,-2.80645
10.53751,1766,-3.14858
10.55000,1767,-2.95308
10.56250,1769,-3.09971
10.57500,1770,-2.56207
10.58750,1772,-3.09971
10.60000,1773,-3.19746
10.61250,1775,-3.05083
10.62500,1776,-3.58846
10.63750,1777,-2.75758
10.65000,1779,-3.39296
10.66250,1780,-3.53959
10.67500,1782,-3.53959
10.68750,1783,-3.19746
10.70000,1785,-3.49071
10.71250,1786,-3.24633
10.72500,1787,-3.29521
10.73750,1789,-3.63734
10.75000,1790,-2.70870
10.76250,1792,-3.44184
10.77500,1793,-3.49071
10.78750,1794,-2.90420
10.80000,1796,-3.29521
10.81250,1797,-3.49071
10.82500,1799,-3.24633
10.83750,1800,-3.49071
10.85000,1801,-3.78397
10.86250,1803,-3.63734
10.87500,1804,-3.68622
10.88750,1805,-3.53959
10.90001,1807,-3.93060
10.91250,1808,-3.63734
10.92500,1809,-3.73509
10.93750,1811,-3.68622
10.95000,1812,-3.63734
10.96250,1813,-3.93060
10.97500,1814,-3.93060
10.98750,1816,-3.73509
11.00000,1817,-3.68622
11.01250,1818,-3.78397
11.02500,1820,-3.68622
11.03750,1821,-3.83284
11.05000,1822,-3.63734
11.06250,1823,-3.68622
11.07500,1825,-4.12610
11.08750,1826,-3.44184
11.10000,1827,-3.49071
11.11250,1828,-4.02835
11.12500,1829,-3.05083
11.13750,1831,-3.83284
11.15000,1832,-4.17498
11.16250,1833,-3.83284
11.17500,1834,-3.93060
11.18750,1835,-3.49071
11.20000,1836,-3.53959
11.21250,1838,-4.41936
11.22500,1839,-3.05083
11.23750,1840,-3.73509
11.25000,1841,-4.22385
11.26251,1842,-3.09971
11.27500,1843,-3.63734
11.28750,1844,-4.27273
11.30000,1845,-3.97947
11.31250,1846,-3.68622
11.32500,1847,-4.46823
11.33750,1848,-3.83284
11.35000,1850,-4.12610
11.36250,1851,-4.37048
11.37500,1852,-4.22385
11.38750,1853,-3.39296
11.40000,1854,-4.27273
11.41250,1855,-3.68622
11.42500,1856,-4.27273
11.43750,1857,-3.63734
11.45000,1858,-4.12610
11.46250,1858,-4.22385
11.47500,1859,-4.17498
11.48750,1860,-4.56598
11.50000,1861,-2.85533
11.51250,1862,-4.22385
11.52500,1863,-4.37048
11.53751,1864,-4.37048
11.55000,1865,-4.46823
11.56250,1866,-4.37048
11.57500,1867,-3.39296
11.58750,1868,-2.75758
11.60000,1868,-3.78397
11.61250,1869,-3.34409
11.62501,1870,-4.22385
11.63750,1871,-4.32160
11.65000,1872,-3.09971
11.66250,1872,-4.27273
11.67500,1873,-4.27273
11.68750,1874,-4.46823
11.70000,1875,-3.78397
11.71250,1876,-3.88172
11.72500,1876,-4.32160
11.73750,1877,-3.49071
11.75000,1878,-4.41936
11.76250,1878,-3.44184
11.77500,1879,-4.02835
11.78750,1880,-3.44184
11.80000,1880,-4.51711
11.81250,1881,-4.32160
11.82500,1882,-4.71261
11.83750,1882,-4.66373
11.85000,1883,-4.41936
11.86250,1884,-4.81036
11.87500,1884,-3.00195
11.88750,1885,-4.46823
11.90000,1885,-4.51711
11.91250,1886,-4.22385
11.92500,1887,-3.83284
11.93750,1887,-4.56598
11.95001,1888,-4.32160
11.96250,1888,-4.12610
11.97500,1889,-3.39296
11.98750,1889,-4.46823
12.00000,1890,-2.56207
12.01250,1890,-3.68622
12.02500,1891,-3.63734
12.03750,1891,-4.71261
12.05000,1892,-4.32160
12.06250,1892,-3.39296
12.07500,1892,-4.41936
12.08750,1893,-4.56598
12.10000,1893,-4.22385
12.11250,1894,-2.90420
12.12500,1894,-2.61095
12.13750,1894,-4.76149
12.15000,1895,-4.22385
12.16250,1895,-2.75758
12.17501,1895,-4.32160
12.18750,1896,-4.41936
12.20000,1896,-3.88172
12.21250,1896,-4.32160
12.22500,1897,-4.56598
12.23750,1897,-3.88172
12.25000,1897,-3.44184
12.26250,1897,-4.27273
12.27500,1898,-3.73509
12.28750,1898,-4.51711
12.30000,1898,-3.88172
12.31250,1898,-3.53959
12.32500,1898,-4.76149
12.33750,1898,-3.49071
12.35000,1899,-4.27273
12.36250,1899,-4.46823
12.37500,1899,-3.44184
12.38750,1899,-4.37048
12.40000,1899,-3.68622
12.41250,1899,-4.41936
12.42500,1899,-4.56598
12.43750,1899,-2.95308
12.45000,1899,-3.73509
12.46250,1899,-4.12610
12.47500,1899,-4.32160
12.48750,1899,-4.51711
12.50000,1899,-4.46823
12.51250,1899,-4.17498
12.52500,1899,-3.19746
12.53750,1899,-3.97947
12.55000,1899,-4.22385
12.56250,1899,-4.27273
12.57500,1899,-3.63734
12.58750,1899,-4.46823
12.60000,1899,-4.51711
12.61250,1899,-3.29521
12.62500,1899,-4.17498
12.63750,1899,-3.39296
12.65000,1899,-4.17498
12.66250,1898,-4.41936
12.67500,1898,-4.37048
12.68750,1898,-4.37048
12.70000,1898,-4.46823
12.71250,1898,-3.49071
12.72500,1898,-3.39296
12.73750,1897,-2.85533
12.75000,1897,-4.41936
12.76250,1897,-2.75758
12.77500,1897,-2.90420
12.78750,1896,-4.17498
12.80000,1896,-4.37048
12.81250,1896,-4.32160
12.82500,1895,-2.80645
12.83750,1895,-4.12610
12.85000,1895,-4.32160
12.86250,1894,-2.80645
12.87500,1894,-4.56598
12.88750,1894,-4.17498
12.90000,1893,-3.97947
12.91250,1893,-3.05083
12.92500,1892,-4.41936
12.93750,1892,-3.24633
12.95000,1892,-2.65982
12.96250,1891,-3.34409
12.97500,1891,-3.63734
12.98750,1890,-2.75758
13.00000,1890,-4.27273
13.01250,1889,-3.58846
13.02500,1889,-3.34409
13.03750,1888,-4.12610
13.05000,1888,-4.41936
13.06250,1887,-4.02835
13.07500,1887,-4.37048
13.08750,1886,-4.02835
13.10000,1885,-4.17498
13.11250,1885,-4.22385
13.12500,1884,-3.97947
13.13750,1884,-2.75758
13.15000,1883,-2.56207
13.16251,1882,-3.78397
13.17500,1882,-3.53959
13.18751,1881,-2.85533
13.20000,1880,-4.46823
13.21250,1880,-4.56598
13.22500,1879,-2.80645
13.23750,1878,-3.78397
13.25000,1878,-2.85533
13.26250,1877,-3.68622
13.27500,1876,-3.29521
13.28750,1876,-4.02835
13.30000,1875,-3.97947
13.31250,1874,-3.97947
13.32500,1873,-2.95308
13.33751,1872,-3.19746
13.35000,1872,-4.22385
13.36250,1871,-3.93060
13.37501,1870,-3.78397
13.38750,1869,-4.07722
13.40000,1868,-3.88172
13.41250,1868,-4.32160
13.42501,1867,-3.53959
13.43750,1866,-3.88172
13.45000,1865,-3.14858
13.46250,1864,-4.17498
13.47500,1863,-3.93060
13.48750,1862,-3.83284
13.50000,1861,-3.63734
13.51250,1860,-3.88172
13.52500,1859,-2.75758
13.53750,1858,-2.36657
13.55000,1858,-3.88172
13.56250,1857,-3.78397
13.57500,1856,-3.73509
13.58750,1855,-3.83284
13.60000,1854,-2.61095
13.61250,1853,-3.68622
13.62500,1852,-3.83284
13.63750,1851,-3.58846
13.65000,1850,-3.63734
13.66250,1848,-2.85533
13.67500,1847,-3.63734
13.68750,1846,-3.00195
13.70000,1845,-3.09971
13.71250,1844,-3.58846
13.72500,1843,-3.97947
13.73750,1842,-2.70870
13.75000,1841,-3.88172
13.76250,1840,-3.63734
13.77500,1839,-2.56207
13.78750,1838,-3.58846
13.80000,1836,-3.34409
13.81250,1835,-2.80645
13.82500,1834,-3.34409
13.83750,1833,-3.78397
13.85000,1832,-3.63734
13.86250,1831,-2.51320
13.87500,1829,-3.44184
13.88750,1828,-3.44184
13.90000,1827,-3.34409
13.91250,1826,-3.68622
13.92500,1825,-3.73509
13.93750,1823,-3.63734
13.95000,1822,-2.80645
13.96250,1821,-3.49071
13.97500,1820,-3.14858
13.98750,1818,-3.34409
14.00000,1817,-3.53959
14.01250,1816,-3.53959
14.02500,1815,-3.73509
14.03750,1813,-2.85533
14.05000,1812,-3.44184
14.06250,1811,-3.00195
14.07500,1809,-2.90420
14.08751,1808,-3.39296
14.10000,1807,-3.39296
14.11250,1805,-3.49071
14.12500,1804,-3.14858
14.13750,1803,-2.36657
14.15000,1801,-2.95308
14.16250,1800,-3.09971
14.17500,1799,-3.09971
14.18750,1797,-3.00195
14.20000,1796,-3.00195
14.21250,1794,-3.09971
14.22500,1793,-2.95308
14.23750,1792,-2.95308
14.25000,1790,-3.05083
14.26250,1789,-2.95308
14.27500,1787,-2.90420
14.28750,1786,-3.09971
14.30000,1785,-2.90420
14.31250,1783,-2.90420
14.32500,1782,-3.09971
14.33750,1780,-3.00195
14.35000,1779,-2.95308
14.36250,1777,-3.09971
14.37500,1776,-2.95308
14.38750,1775,-2.85533
14.40000,1773,-3.00195
14.41250,1772,-2.75758
14.42500,1770,-2.70870
14.43750,1769,-2.80645
14.45000,1767,-2.61095
14.46250,1766,-2.61095
14.47500,1764,-2.70870
14.48750,1763,-2.56207
14.50000,1761,-2.56207
14.51250,1760,-2.75758
14.52500,1758,-2.51320
14.53750,1757,-2.51320
14.55000,1755,-2.65982
14.56250,1754,-2.61095
14.57500,1752,-2.56207
14.58750,1751,-2.80645
14.60000,1749,-2.61095
14.61250,1748,-2.61095
14.62500,1746,-2.80645
14.63750,1745,-2.65982
14.65000,1743,-2.70870
14.66250,1742,-2.12219
14.67500,1740,-2.56207
14.68750,1739,-2.31769
14.70000,1737,-2.31769
14.71250,1735,-2.56207
14.72500,1734,-2.36657
14.73750,1732,-1.97556
14.75000,1731,-2.12219
14.76250,1729,-2.46432
14.77500,1728,-1.68231
14.78750,1726,-2.12219
14.80000,1725,-2.26882
14.81250,1723,-1.53568
14.82500,1721,-2.17107
14.83750,1720,-2.31769
14.85000,1718,-1.58456
14.86250,1717,-2.12219
14.87500,1715,-2.07331
14.88750,1714,-2.21994
14.90000,1712,-2.17107
14.91250,1710,-2.02444
14.92500,1709,-2.07331
14.93750,1707,-1.82894
14.95000,1706,-1.34018
14.96250,1704,-2.07331
14.97500,1703,-1.87781
14.98750,1701,-1.87781
15.00000,1700,-1.92669
15.01250,1699,-1.68231
15.02500,1697,-1.92669
15.03750,1696,-1.73118
15.05000,1694,-1.58456
15.06250,1693,-1.58456
15.07500,1691,-1.38905
15.08750,1690,-1.58456
15.10000,1688,-1.73118
15.11250,1686,-1.78006
15.12500,1685,-1.87781
15.13750,1683,-1.68231
15.15000,1682,-1.68231
15.16250,1680,-1.63343
15.17500,1679,-1.38905
15.18750,1677,-0.99805
15.20000,1675,-1.38905
15.21250,1674,-1.34018
15.22500,1672,-1.43793
15.23750,1671,-1.24243
15.25000,1669,-1.24243
15.26250,1668,-1.48680
15.27500,1666,-1.34018
15.28750,1665,-1.53568
15.30000,1663,-1.24243
15.31250,1661,-1.43793
15.32500,1660,-1.24243
15.33750,1658,-1.24243
15.35000,1657,-1.14467
15.36250,1655,-0.85142
15.37500,1654,-0.90029
15.38750,1652,-1.14467
15.40000,1651,-0.94917
15.41250,1649,-1.14467
15.42500,1648,-1.04692
15.43750,1646,-1.04692
15.45000,1645,-0.90029
15.46250,1643,-0.94917
15.47500,1642,-0.80254
15.48750,1640,-0.85142
15.50000,1639,-0.94917
15.51250,1637,-0.85142
15.52500,1636,-0.50929
15.53750,1634,-0.75366
15.55000,1633,-0.80254
15.56250,1631,-0.80254
15.57500,1630,-0.75366
15.58750,1628,-0.65591
15.60000,1627,-0.70479
15.61250,1625,-0.70479
15.62500,1624,-0.90029
15.63750,1623,-0.60704
15.65000,1621,-0.70479
15.66250,1620,-0.60704
15.67500,1618,-0.80254
15.68750,1617,-0.60704
15.70001,1615,-0.55816
15.71250,1614,-0.50929
15.72500,1613,-0.50929
15.73750,1611,-0.50929
15.75000,1610,-0.41153
15.76250,1608,-0.50929
15.77500,1607,-0.60704
15.78750,1606,-0.41153
15.80000,1604,-0.46041
15.81250,1603,-0.36266
15.82500,1601,-0.55816
15.83750,1600,-0.41153
15.85000,1599,-0.46041
15.86250,1597,-0.46041
15.87500,1596,-0.41153
15.88750,1595,-0.41153
15.90000,1593,-0.36266
15.91250,1592,-0.31378
15.92500,1591,-0.31378
15.93750,1589,-0.31378
15.95000,1588,-0.21603
15.96250,1587,-0.21603
15.97500,1586,-0.36266
15.98750,1584,-0.36266
16.00000,1583,-0.36266
16.01251,1582,-0.21603
16.02500,1580,-0.16716
16.03750,1579,-0.26491
16.05000,1578,-0.11828
16.06250,1577,-0.21603
16.07500,1575,-0.11828
16.08750,1574,-0.21603
16.10000,1573,-0.16716
16.11250,1572,-0.16716
16.12500,1571,-0.16716
16.13750,1569,-0.21603
16.15000,1568,-0.06940
16.16250,1567,-0.11828
16.17500,1566,-0.16716
16.18750,1565,-0.11828
16.20001,1564,-0.06940
16.21250,1562,-0.16716
16.22500,1561,-0.16716
16.23750,1560,-0.11828
16.25000,1559,-0.16716
16.26251,1558,-0.11828
16.27500,1557,-0.02053
16.28750,1556,-0.16716
16.30000,1555,-0.06940
16.31250,1554,-0.11828
16.32500,1553,-0.06940
16.33750,1552,-0.06940
16.35000,1550,-0.06940
16.36251,1549,-0.16716
16.37500,1548,-0.06940
16.38750,1547,-0.02053
16.40000,1546,-0.06940
16.41250,1545,-0.02053
16.42500,1544,-0.06940
16.43750,1543,-0.02053
16.45001,1542,-0.02053
16.46251,1542,-0.06940
16.47500,1541,-0.02053
16.48750,1540,-0.02053
16.50000,1539,-0.06940
16.51251,1538,-0.02053
16.52500,1537,-0.06940
16.53750,1536,-0.02053
16.55000,1535,-0.02053
16.56250,1534,0.02835
16.57501,1533,-0.02053
16.58750,1532,-0.06940
16.60000,1532,-0.02053
16.61250,1531,-0.02053
16.62500,1530,-0.02053
16.63751,1529,-0.02053
16.65000,1528,-0.02053
16.66250,1528,-0.06940
16.67501,1527,-0.02053
16.68750,1526,-0.02053
16.70000,1525,-0.02053
16.71250,1524,-0.02053
16.72501,1524,0.02835
16.73750,1523,-0.02053
16.75000,1522,-0.02053
16.76251,1522,-0.02053
16.77500,1521,-0.02053
16.78750,1520,-0.02053
16.80000,1520,0.02835
16.81250,1519,0.02835
16.82500,1518,0.02835
16.83750,1518,0.02835
16.85000,1517,0.02835
16.86250,1516,-0.02053
16.87500,1516,-0.02053
16.88751,1515,0.02835
16.90000,1515,0.02835
16.91250,1514,0.02835
16.92500,1513,-0.02053
16.93750,1513,0.02835
16.95000,1512,-0.02053
16.96250,1512,0.02835
16.97500,1511,-0.02053
16.98750,1511,0.02835
17.00000,1510,-0.06940
17.01251,1510,-0.06940
17.02500,1509,-0.11828
17.03751,1509,-0.06940
17.05000,1508,-0.06940
17.06250,1508,-0.02053
17.07500,1508,-0.02053
17.08750,1507,-0.02053
17.10000,1507,-0.02053
17.11250,1506,-0.02053
17.12500,1506,-0.02053
17.13750,1506,0.02835
17.15001,1505,-0.02053
17.16250,1505,-0.02053
17.17500,1505,0.02835
17.18750,1504,-0.06940
17.20000,1504,-0.02053
17.21250,1504,-0.06940
17.22501,1503,-0.06940
17.23750,1503,-0.02053
17.25000,1503,-0.02053
17.26251,1503,-0.02053
17.27500,1502,-0.06940
17.28750,1502,-0.06940
17.30000,1502,-0.02053
17.31250,1502,-0.02053
17.32501,1502,-0.02053
17.33750,1502,-0.06940
17.35000,1501,-0.06940
17.36250,1501,-0.02053
17.37500,1501,-0.02053
17.38750,1501,-0.06940
17.40000,1501,-0.02053
17.41250,1501,-0.02053
17.42500,1501,-0.06940
17.43750,1501,-0.02053
17.45001,1501,-0.02053
17.46250,1501,-0.06940
17.47500,1501,-0.06940
17.48750,1501,-0.06940
17.50000,1501,-0.06940
17.51251,1501,-0.02053
17.52500,1501,-0.02053
17.53750,1501,-0.02053
17.55000,1501,-0.02053
17.56250,1501,-0.02053
17.57501,1501,-0.02053
17.58750,1501,-0.06940
17.60000,1501,-0.06940
17.61250,1501,0.02835
17.62500,1501,0.02835
17.63750,1501,-0.02053
17.65000,1501,0.02835
17.66251,1502,-0.02053
17.67500,1502,0.02835
17.68750,1502,-0.02053
17.70000,1502,-0.02053
17.71250,1502,-0.02053
17.72501,1502,-0.02053
17.73750,1503,-0.02053
17.75000,1503,0.02835
17.76250,1503,-0.02053
17.77500,1503,0.02835
17.78750,1504,0.02835
17.80000,1504,0.02835
17.81250,1504,0.02835
17.82500,1505,0.02835
17.83750,1505,-0.02053
17.85000,1505,0.02835
17.86250,1506,0.02835
17.87500,1506,0.02835
17.88751,1506,-0.02053
17.90000,1507,-0.02053
17.91250,1507,-0.02053
17.92500,1508,-0.02053
17.93750,1508,0.02835
17.95000,1508,0.02835
17.96250,1509,0.02835
17.97500,1509,0.02835
17.98750,1510,-0.02053
18.00000,1510,-0.02053
18.01251,1511,0.02835
18.02500,1511,0.02835
18.03751,1512,-0.02053
18.05000,1512,0.02835
18.06250,1513,-0.02053
18.07500,1513,-0.02053
18.08750,1514,0.02835
18.10000,1515,-0.02053
18.11250,1515,-0.02053
18.12500,1516,-0.02053
18.13750,1516,-0.02053
18.15000,1517,-0.02053
18.16250,1518,-0.02053
18.17500,1518,0.02835
18.18750,1519,-0.06940
18.20000,1520,-0.02053
18.21250,1520,-0.02053
18.22501,1521,-0.06940
18.23750,1522,-0.02053
18.25000,1522,-0.06940
18.26250,1523,-0.02053
18.27500,1524,-0.06940
18.28750,1524,-0.02053
18.30000,1525,-0.06940
18.31250,1526,0.02835
18.32500,1527,-0.02053
18.33750,1528,-0.06940
18.35000,1528,-0.06940
18.36250,1529,-0.02053
18.37500,1530,-0.02053
18.38750,1531,-0.02053
18.40000,1532,-0.02053
18.41250,1532,-0.02053
18.42500,1533,-0.06940
18.43750,1534,-0.06940
18.45001,1535,-0.06940
18.46251,1536,-0.02053
18.47500,1537,-0.02053
18.48750,1538,-0.06940
18.50000,1539,-0.06940
18.51250,1540,-0.06940
18.52500,1541,-0.02053
18.53750,1542,-0.02053
18.55000,1542,-0.06940
18.56250,1543,-0.06940
18.57501,1544,-0.06940
18.58750,1545,-0.02053
18.60000,1546,-0.11828
18.61251,1547,-0.06940
18.62501,1548,-0.02053
18.63751,1549,-0.06940
18.65000,1550,-0.06940
18.66250,1552,-0.06940
18.67500,1553,-0.11828
18.68750,1554,-0.06940
18.70001,1555,-0.06940
18.71250,1556,-0.11828
18.72500,1557,-0.06940
18.73750,1558,-0.06940
18.75000,1559,-0.06940
18.76251,1560,-0.11828
18.77500,1561,-0.06940
18.78750,1562,-0.16716
18.80000,1564,-0.11828
18.81250,1565,-0.21603
18.82501,1566,-0.21603
18.83751,1567,-0.16716
18.85000,1568,-0.16716
18.86250,1569,-0.11828
18.87500,1571,-0.26491
18.88750,1572,-0.16716
18.90001,1573,-0.21603
18.91250,1574,-0.31378
18.92500,1575,-0.21603
18.93750,1577,-0.21603
18.95001,1578,-0.31378
18.96250,1579,-0.26491
18.97500,1580,-0.26491
18.98750,1582,-0.26491
19.00000,1583,-0.26491
19.01251,1584,-0.26491
19.02500,1585,-0.26491
19.03750,1587,-0.21603
19.05000,1588,-0.31378
19.06250,1589,-0.21603
19.07500,1591,-0.31378
19.08750,1592,-0.31378
19.10000,1593,-0.41153
19.11250,1595,-0.36266
19.12500,1596,-0.26491
19.13750,1597,-0.36266
19.15000,1599,-0.50929
19.16250,1600,-0.46041
19.17500,1601,-0.50929
19.18750,1603,-0.50929
19.20000,1604,-0.46041
19.21251,1606,-0.50929
19.22500,1607,-0.55816
19.23750,1608,-0.50929
19.25000,1610,-0.50929
19.26250,1611,-0.46041
19.27500,1613,-0.75366
19.28750,1614,-0.55816
19.30000,1615,-0.75366
19.31250,1617,-0.60704
19.32501,1618,-0.60704
19.33750,1620,-0.75366
19.35000,1621,-0.75366
19.36250,1623,-0.75366
19.37500,1624,-0.80254
19.38750,1625,-0.70479
19.40000,1627,-0.60704
19.41250,1628,-0.60704
19.42500,1630,-0.75366
19.43750,1631,-0.70479
19.45000,1633,-0.94917
19.46250,1634,-0.50929
19.47500,1636,-0.75366
19.48750,1637,-0.80254
19.50000,1639,-0.94917
19.51250,1640,-0.90029
19.52500,1642,-0.99805
19.53750,1643,-1.04692
19.55000,1645,-0.90029
19.56250,1646,-0.75366
19.57501,1648,-1.19355
19.58750,1649,-1.04692
19.60000,1651,-1.19355
19.61250,1652,-1.09580
19.62500,1654,-1.29130
19.63751,1655,-1.19355
19.65000,1657,-0.99805
19.66251,1658,-1.19355
19.67500,1660,-1.09580
19.68750,1661,-1.14467
19.70001,1663,-1.24243
19.71250,1665,-1.19355
19.72500,1666,-1.24243
19.73750,1668,-1.24243
19.75000,1669,-1.38905
19.76250,1671,-1.29130
19.77500,1672,-1.53568
19.78752,1674,-1.24243
19.80000,1675,-1.48680
19.81250,1677,-1.68231
19.82500,1679,-1.58456
19.83750,1680,-1.73118
19.85000,1682,-1.73118
19.86250,1683,-1.63343
19.87500,1685,-1.24243
19.88750,1686,-1.34018
19.90000,1688,-1.48680
19.91250,1690,-1.04692
19.92500,1691,-1.38905
19.93750,1693,-1.82894
19.95000,1694,-1.97556
19.96250,1696,-1.78006
19.97500,1697,-1.58456
19.98750,1699,-1.97556
20.00000,1700,-1.63343
20.01250,1700,-1.78006
20.02500,1700,-1.92669
20.03750,1700,-1.78006
20.05000,1700,-2.02444
20.06250,1700,-1.87781
20.07500,1700,-1.87781
20.08750,1700,-1.68231
20.10000,1700,-1.87781
20.11250,1700,-1.73118
20.12500,1700,-1.48680
20.13751,1700,-2.02444
20.15000,1700,-1.68231
20.16250,1700,-1.87781
20.17500,1700,-1.38905
20.18750,1700,-1.92669
20.20001,1700,-1.92669
20.21250,1700,-2.21994
20.22500,1700,-2.07331
20.23750,1700,-2.07331
20.25000,1700,-1.92669
20.26250,1700,-2.12219
20.27500,1700,-1.92669
20.28750,1700,-2.07331
20.30000,1700,-1.97556
20.31250,1700,-1.97556
20.32501,1700,-1.87781
20.33750,1700,-1.43793
20.35000,1700,-1.87781
20.36250,1700,-1.87781
20.37500,1700,-2.17107
20.38750,1700,-1.97556
20.40000,1700,-1.68231
20.41250,1700,-1.82894
20.42500,1700,-1.63343
20.43750,1700,-1.92669
20.45001,1700,-1.73118
20.46250,1700,-1.53568
20.47500,1700,-1.97556
20.48750,1700,-1.73118
20.50000,1700,-2.02444
20.51250,1700,-1.73118
20.52500,1700,-1.87781
20.53750,1700,-2.02444
20.55000,1700,-1.87781
20.56250,1700,-2.07331
20.57500,1700,-2.12219
20.58750,1700,-1.43793
20.60000,1700,-2.07331
20.61250,1700,-1.92669
20.62500,1700,-2.17107
20.63751,1700,-1.92669
20.65000,1700,-1.68231
20.66250,1700,-2.12219
20.67500,1700,-1.97556
20.68750,1700,-2.12219
20.70001,1700,-1.82894
20.71250,1700,-1.97556
20.72500,1700,-1.78006
20.73750,1700,-1.63343
20.75000,1700,-1.92669
20.76250,1700,-1.34018
20.77500,1700,-1.78006
20.78750,1700,-1.24243
20.80000,1700,-1.82894
20.81250,1700,-1.73118
20.82501,1700,-2.02444
20.83750,1700,-1.82894
20.85000,1700,-1.97556
20.86251,1700,-1.87781
20.87500,1700,-1.92669
20.88750,1700,-1.82894
20.90000,1700,-1.78006
20.91250,1700,-2.17107
20.92500,1700,-1.58456
20.93750,1700,-2.02444
20.95000,1700,-1.87781
20.96250,1700,-2.07331
20.97500,1700,-1.87781
20.98750,1700,-2.02444
21.00000,1700,-2.21994
21.01250,1703,-1.87781
21.02500,1707,-1.24243
21.03750,1711,-1.97556
21.05000,1714,-2.02444
21.06250,1718,-2.12219
21.07500,1722,-2.26882
21.08750,1726,-1.48680
21.10000,1730,-2.21994
21.11250,1734,-2.36657
21.12500,1738,-2.26882
21.13751,1742,-2.41544
21.15000,1746,-2.61095
21.16250,1749,-2.51320
21.17500,1753,-1.87781
21.18750,1757,-2.85533
21.20000,1761,-2.75758
21.21250,1764,-3.00195
21.22501,1768,-3.14858
21.23750,1772,-3.09971
21.25000,1775,-3.24633
21.26251,1779,-3.19746
21.27500,1783,-3.39296
21.28750,1786,-3.29521
21.30000,1790,-3.49071
21.31250,1793,-3.39296
21.32500,1797,-3.29521
21.33751,1800,-3.29521
21.35000,1803,-3.39296
21.36250,1807,-3.49071
21.37500,1810,-2.80645
21.38750,1813,-3.34409
21.40000,1816,-3.73509
21.41250,1820,-3.73509
21.42500,1823,-3.58846
21.43750,1826,-3.53959
21.45000,1829,-3.88172
21.46250,1832,-3.73509
21.47500,1835,-3.05083
21.48750,1838,-4.12610
21.50000,1840,-2.95308
21.51250,1843,-3.93060
21.52500,1846,-4.22385
21.53750,1849,-4.02835
21.55000,1851,-3.09971
21.56250,1854,-4.17498
21.57501,1856,-4.02835
21.58750,1859,-4.12610
21.60000,1861,-3.44184
21.61250,1863,-4.12610
21.62500,1865,-3.83284
21.63751,1868,-3.49071
21.65000,1870,-4.02835
21.66251,1872,-4.07722
21.67500,1874,-4.66373
21.68750,1876,-4.12610
21.70000,1877,-3.44184
21.71250,1879,-3.34409
21.72500,1881,-4.51711
21.73750,1882,-4.41936
21.75000,1884,-3.05083
21.76251,1885,-3.05083
21.77500,1887,-3.78397
21.78750,1888,-4.32160
21.80000,1889,-3.53959
21.81250,1891,-4.27273
21.82501,1892,-3.14858
21.83750,1893,-3.09971
21.85000,1894,-3.68622
21.86251,1895,-3.63734
21.87500,1896,-3.88172
21.88750,1896,-3.97947
21.90000,1897,-3.09971
21.91250,1898,-4.37048
21.92500,1898,-4.46823
21.93750,1898,-4.66373
21.95001,1899,-4.02835
21.96250,1899,-3.29521
21.97500,1899,-4.66373
21.98750,1899,-4.46823
22.00000,1899,-3.05083
22.01251,1899,-4.66373
22.02500,1899,-3.14858
22.03750,1899,-4.51711
22.05000,1899,-3.68622
22.06250,1899,-4.76149
22.07501,1898,-3.05083
22.08750,1898,-4.46823
22.10000,1897,-3.83284
22.11250,1897,-4.76149
22.12500,1896,-4.46823
22.13751,1895,-3.88172
22.15000,1894,-4.41936
22.16250,1893,-3.53959
22.17500,1892,-4.41936
22.18750,1891,-3.58846
22.20000,1890,-4.41936
22.21250,1889,-2.70870
22.22500,1887,-3.39296
22.23750,1886,-4.46823
22.25001,1885,-4.41936
22.26251,1883,-3.88172
22.27500,1881,-4.27273
22.28750,1880,-4.51711
22.30000,1878,-4.61486
22.31250,1876,-4.56598
22.32500,1874,-3.14858
22.33750,1872,-4.17498
22.35000,1870,-2.95308
22.36250,1868,-3.39296
22.37500,1866,-3.93060
22.38750,1864,-2.85533
22.40000,1862,-3.83284
22.41250,1859,-4.22385
22.42500,1857,-3.68622
22.43750,1855,-4.07722
22.45001,1852,-3.53959
22.46250,1849,-4.32160
22.47500,1847,-3.83284
22.48750,1844,-2.75758
22.50000,1841,-3.09971
22.51250,1839,-3.58846
22.52500,1836,-4.02835
22.53750,1833,-3.14858
22.55000,1830,-3.24633
22.56250,1827,-3.88172
22.57501,1824,-3.49071
22.58750,1821,-3.44184
22.60000,1818,-3.73509
22.61250,1814,-3.44184
22.62500,1811,-3.88172
22.63751,1808,-3.34409
22.65000,1805,-2.75758
22.66250,1801,-3.29521
22.67500,1798,-2.51320
22.68750,1794,-3.24633
22.70001,1791,-3.14858
22.71250,1787,-3.14858
22.72500,1784,-3.09971
22.73750,1780,-3.19746
22.75001,1777,-2.95308
22.76250,1773,-3.19746
22.77500,1769,-2.90420
22.78750,1766,-2.75758
22.80000,1762,-3.00195
22.81250,1758,-2.85533
22.82501,1754,-2.65982
22.83750,1751,-3.05083
22.85000,1747,-2.65982
22.86250,1743,-2.61095
22.87500,1739,-2.07331
22.88751,1735,-2.56207
22.90000,1731,-2.65982
22.91250,1728,-2.31769
22.92500,1724,-2.36657
22.93750,1720,-2.07331
22.95000,1716,-2.12219
22.96250,1712,-2.07331
22.97500,1708,-2.21994
22.98750,1704,-1.97556
23.00000,1700,-2.12219
23.01251,1697,-1.87781
23.02500,1693,-1.82894
23.03750,1689,-1.82894
23.05001,1685,-1.68231
23.06250,1682,-1.58456
23.07500,1678,-1.43793
23.08750,1674,-1.68231
23.10000,1670,-1.43793
23.11250,1666,-1.34018
23.12500,1662,-1.53568
23.13750,1658,-1.24243
23.15000,1654,-1.19355
23.16250,1651,-1.34018
23.17500,1647,-1.04692
23.18750,1643,-1.04692
23.20001,1639,-1.24243
23.21250,1636,-0.75366
23.22500,1632,-0.90029
23.23750,1628,-0.85142
23.25000,1625,-0.85142
23.26251,1621,-0.65591
23.27500,1617,-0.65591
23.28750,1614,-0.65591
23.30000,1610,-0.41153
23.31250,1607,-0.46041
23.32500,1603,-0.50929
23.33750,1600,-0.41153
23.35000,1597,-0.36266
23.36250,1593,-0.31378
23.37500,1590,-0.31378
23.38751,1587,-0.41153
23.40000,1584,-0.21603
23.41250,1580,-0.11828
23.42500,1577,-0.21603
23.43750,1574,-0.16716
23.45001,1571,-0.16716
23.46250,1568,-0.11828
23.47500,1565,-0.06940
23.48750,1562,-0.11828
23.50000,1560,-0.06940
23.51250,1557,-0.11828
23.52500,1554,-0.11828
23.53750,1551,-0.06940
23.55000,1549,-0.02053
23.56250,1546,-0.06940
23.57500,1544,-0.02053
23.58750,1541,-0.06940
23.60000,1539,-0.02053
23.61250,1537,-0.02053
23.62500,1535,-0.02053
23.63750,1532,-0.02053
23.65000,1530,-0.02053
23.66250,1528,0.02835
23.67500,1526,-0.02053
23.68750,1524,-0.02053
23.70000,1523,-0.02053
23.71250,1521,-0.02053
23.72500,1519,-0.02053
23.73750,1518,-0.02053
23.75000,1516,-0.02053
23.76251,1515,-0.02053
23.77500,1513,-0.02053
23.78750,1512,-0.02053
23.80000,1511,-0.02053
23.81250,1509,-0.02053
23.82501,1508,-0.02053
23.83750,1507,0.02835
23.85000,1506,-0.02053
23.86250,1505,-0.02053
23.87500,1504,0.02835
23.88751,1504,-0.02053
23.90000,1503,-0.02053
23.91250,1502,-0.02053
23.92500,1502,-0.02053
23.93750,1502,0.07722
23.95001,1501,-0.02053
23.96250,1501,0.02835
23.97500,1501,-0.02053
23.98750,1501,0.02835
24.00000,1501,0.02835
24.01250,1501,-0.02053
24.02500,1501,0.02835
24.03750,1501,-0.02053
24.05000,1501,-0.02053
24.06251,1501,-0.02053
24.07500,1502,0.02835
24.08750,1502,-0.02053
24.10000,1503,-0.02053
24.11250,1503,0.02835
24.12500,1504,0.02835
24.13751,1505,0.02835
24.15000,1506,0.02835
24.16250,1507,0.02835
24.17500,1508,-0.02053
24.18750,1509,-0.02053
24.20000,1510,-0.02053
24.21250,1511,0.02835
24.22500,1513,0.02835
24.23750,1514,0.02835
24.25000,1515,0.02835
24.26250,1517,-0.02053
24.27500,1519,0.02835
24.28751,1520,0.02835
24.30000,1522,0.02835
24.31250,1524,-0.02053
24.32501,1526,-0.02053
24.33750,1528,-0.02053
24.35000,1530,-0.02053
24.36250,1532,-0.02053
24.37500,1534,-0.11828
24.38751,1536,-0.11828
24.40000,1538,-0.16716
24.41250,1541,-0.31378
24.42500,1543,-0.21603
24.43750,1545,-0.16716
24.45001,1548,-0.11828
24.46250,1551,-0.06940
24.47500,1553,-0.16716
24.48750,1556,-0.06940
24.50000,1559,-0.11828
24.51251,1561,-0.11828
24.52500,1564,-0.06940
24.53750,1567,-0.36266
24.55000,1570,-0.26491
24.56250,1573,-0.21603
24.57501,1576,-0.31378
24.58750,1579,-0.26491
24.60000,1582,-0.36266
24.61250,1586,-0.36266
24.62500,1589,-0.41153
24.63750,1592,-0.55816
24.65001,1595,-0.41153
24.66250,1599,-0.50929
24.67500,1602,-0.41153
24.68750,1606,-0.55816
24.70001,1609,-0.75366
24.71250,1613,-0.55816
24.72501,1616,-0.55816
24.73750,1620,-0.70479
24.75000,1623,-0.55816
24.76251,1627,-0.65591
24.77500,1631,-0.80254
24.78750,1634,-0.65591
24.80000,1638,-1.09580
24.81251,1642,-0.90029
24.82501,1646,-0.80254
24.83750,1649,-0.99805
24.85000,1653,-1.14467
24.86250,1657,-0.99805
24.87500,1661,-1.29130
24.88751,1665,-1.24243
24.90000,1669,-1.24243
24.91250,1672,-1.04692
24.92500,1676,-1.58456
24.93750,1680,-1.63343
24.95001,1684,-0.99805
24.96251,1688,-1.78006
24.97500,1692,-1.92669
24.98750,1696,-1.24243
25.00001,1700,-1.78006
25.01251,1703,-1.43793
25.02500,1707,-2.07331
25.03750,1711,-2.41544
25.05000,1714,-1.43793
25.06250,1718,-2.07331
25.07501,1722,-2.51320
25.08750,1726,-2.26882
25.10000,1730,-2.51320
25.11250,1734,-2.46432
25.12500,1738,-2.46432
25.13751,1742,-2.70870
25.15000,1746,-2.56207
25.16250,1749,-2.02444
25.17500,1753,-2.95308
25.18750,1757,-2.65982
25.20001,1761,-2.80645
25.21250,1764,-3.00195
25.22500,1768,-3.05083
25.23750,1772,-3.14858
25.25000,1775,-3.05083
25.26250,1779,-3.09971
25.27500,1783,-2.51320
25.28750,1786,-3.09971
25.30000,1790,-3.39296
25.31250,1793,-3.14858
25.32500,1797,-3.24633
25.33751,1800,-3.00195
25.35000,1803,-3.24633
25.36250,1807,-3.58846
25.37500,1810,-3.39296
25.38750,1813,-3.49071
25.40000,1816,-3.49071
25.41250,1820,-3.83284
25.42500,1823,-3.44184
25.43750,1826,-3.63734
25.45000,1829,-3.88172
25.46250,1832,-3.63734
25.47500,1835,-3.97947
25.48750,1838,-3.19746
25.50000,1840,-3.93060
25.51250,1843,-3.78397
25.52500,1846,-3.97947
25.53750,1849,-3.78397
25.55000,1851,-4.02835
25.56250,1854,-3.29521
25.57501,1856,-4.12610
25.58750,1859,-3.73509
25.60001,1861,-4.51711
25.61250,1863,-3.19746
25.62500,1865,-3.83284
25.63750,1868,-3.83284
25.65000,1870,-3.14858
25.66250,1872,-3.97947
25.67500,1874,-3.53959
25.68750,1876,-3.05083
25.70001,1877,-3.44184
25.71250,1879,-4.46823
25.72500,1881,-3.19746
25.73750,1882,-3.53959
25.75000,1884,-4.46823
25.76250,1885,-3.68622
25.77500,1887,-3.53959
25.78750,1888,-4.71261
25.80000,1889,-4.51711
25.81250,1891,-3.73509
25.82501,1892,-2.95308
25.83750,1893,-3.19746
25.85001,1894,-4.37048
25.86250,1895,-4.37048
25.87500,1896,-2.90420
25.88751,1896,-3.93060
25.90000,1897,-4.02835
25.91250,1898,-4.51711
25.92500,1898,-3.19746
25.93750,1898,-4.37048
25.95000,1899,-2.80645
25.96250,1899,-4.37048
25.97501,1899,-2.70870
25.98750,1899,-4.76149
26.00000,1899,-3.53959
26.01250,1899,-4.32160
26.02500,1899,-2.75758
26.03750,1899,-3.68622
26.05000,1899,-4.27273
26.06250,1899,-3.00195
26.07500,1898,-4.32160
26.08750,1898,-3.78397
26.10000,1897,-2.75758
26.11250,1897,-4.27273
26.12500,1896,-4.17498
26.13751,1895,-3.19746
26.15000,1894,-2.95308
26.16250,1893,-3.78397
26.17500,1892,-4.37048
26.18750,1891,-4.07722
26.20000,1890,-3.19746
26.21250,1889,-2.12219
26.22500,1887,-3.73509
26.23750,1886,-3.58846
26.25000,1885,-4.27273
26.26250,1883,-3.83284
26.27500,1881,-3.83284
26.28750,1880,-2.70870
26.30000,1878,-3.78397
26.31250,1876,-4.41936
26.32501,1874,-2.41544
26.33750,1872,-2.90420
26.35000,1870,-2.95308
26.36250,1868,-3.97947
26.37500,1866,-4.07722
26.38751,1864,-3.68622
26.40000,1862,-2.90420
26.41250,1859,-4.07722
26.42501,1857,-4.02835
26.43750,1855,-2.95308
26.45000,1852,-3.83284
26.46250,1849,-3.05083
26.47500,1847,-2.95308
26.48750,1844,-3.68622
26.50000,1841,-3.78397
26.51251,1839,-3.49071
26.52500,1836,-3.44184
26.53751,1833,-3.68622
26.55000,1830,-2.90420
26.56250,1827,-2.65982
26.57500,1824,-3.88172
26.58750,1821,-3.73509
26.60000,1818,-3.73509
26.61250,1814,-3.78397
26.62500,1811,-3.63734
26.63751,1808,-3.53959
26.65000,1805,-3.73509
26.66250,1801,-3.39296
26.67500,1798,-3.24633
26.68750,1794,-3.39296
26.70000,1791,-3.09971
26.71250,1787,-3.09971
26.72500,1784,-3.19746
26.73750,1780,-2.90420
26.75000,1777,-2.95308
26.76250,1773,-3.05083
26.77500,1769,-2.70870
26.78750,1766,-2.85533
26.80000,1762,-2.90420
26.81250,1758,-2.75758
26.82500,1754,-2.75758
26.83750,1751,-2.75758
26.85001,1747,-2.80645
26.86250,1743,-2.75758
26.87500,1739,-1.73118
26.88750,1735,-2.51320
26.90000,1731,-2.21994
26.91250,1728,-2.41544
26.92500,1724,-1.63343
26.93750,1720,-2.17107
26.95001,1716,-2.31769
26.96250,1712,-1.97556
26.97500,1708,-2.02444
26.98750,1704,-1.82894
27.00000,1700,-1.43793
27.01250,1697,-1.92669
27.02500,1693,-1.82894
27.03750,1689,-1.73118
27.05000,1686,-1.73118
27.06250,1682,-1.68231
27.07500,1678,-1.48680
27.08750,1674,-1.63343
27.10000,1670,-1.43793
27.11250,1666,-1.19355
27.12500,1662,-1.38905
27.13750,1658,-1.04692
27.15000,1654,-0.90029
27.16250,1651,-1.24243
27.17500,1647,-1.09580
27.18751,1643,-1.04692
27.20001,1639,-0.85142
27.21250,1636,-0.70479
27.22501,1632,-0.65591
27.23750,1628,-0.80254
27.25000,1625,-0.90029
27.26251,1621,-0.70479
27.27500,1617,-0.46041
27.28751,1614,-0.65591
27.30000,1610,-0.41153
27.31250,1607,-0.36266
27.32501,1603,-0.41153
27.33750,1600,-0.31378
27.35000,1597,-0.36266
27.36250,1593,-0.36266
27.37500,1590,-0.36266
27.38751,1587,-0.31378
27.40000,1584,-0.26491
27.41250,1580,-0.16716
27.42500,1577,-0.21603
27.43751,1574,-0.16716
27.45000,1571,-0.16716
27.46250,1568,-0.16716
27.47501,1565,-0.02053
27.48750,1562,-0.11828
27.50000,1560,-0.11828
27.51251,1557,-0.02053
27.52500,1554,-0.06940
27.53751,1551,-0.02053
27.55000,1549,-0.06940
27.56250,1546,-0.02053
27.57500,1544,-0.06940
27.58750,1541,-0.02053
27.60000,1539,-0.02053
27.61250,1537,-0.02053
27.62500,1535,-0.02053
27.63751,1532,-0.02053
27.65000,1530,-0.02053
27.66250,1528,-0.02053
27.67500,1526,-0.02053
27.68750,1524,-0.06940
27.70001,1523,0.02835
27.71250,1521,-0.02053
27.72500,1519,-0.02053
27.73750,1518,0.02835
27.75001,1516,-0.02053
27.76250,1515,-0.02053
27.77500,1513,0.02835
27.78750,1512,-0.02053
27.80001,1511,-0.02053
27.81250,1509,0.02835
27.82500,1508,0.02835
27.83750,1507,-0.02053
27.85000,1506,-0.02053
27.86251,1505,-0.02053
27.87500,1504,-0.02053
27.88750,1504,-0.02053
27.90000,1503,0.02835
27.91250,1502,0.02835
27.92500,1502,0.02835
27.93750,1502,-0.02053
27.95000,1501,0.02835
27.96250,1501,0.02835
27.97500,1501,0.02835
27.98750,1501,-0.02053
28.00000,1501,0.02835
28.01251,1501,0.02835
28.02500,1501,0.02835
28.03750,1501,0.02835
28.05000,1501,-0.02053
28.06250,1501,-0.02053
28.07500,1502,-0.02053
28.08750,1502,0.02835
28.10000,1503,0.02835
28.11250,1503,-0.02053
28.12500,1504,-0.02053
28.13750,1505,0.02835
28.15000,1506,0.02835
28.16250,1507,-0.02053
28.17500,1508,-0.02053
28.18750,1509,-0.02053
28.20001,1510,-0.02053
28.21250,1511,-0.02053
28.22500,1513,-0.02053
28.23750,1514,-0.02053
28.25000,1515,0.02835
28.26250,1517,-0.02053
28.27500,1519,-0.02053
28.28750,1520,0.02835
28.30000,1522,0.02835
28.31250,1524,-0.02053
28.32501,1526,-0.02053
28.33750,1528,-0.02053
28.35000,1530,0.02835
28.36250,1532,0.02835
28.37500,1534,-0.11828
28.38751,1536,-0.06940
28.40000,1538,-0.16716
28.41250,1541,-0.16716
28.42500,1543,-0.06940
28.43750,1545,-0.06940
28.45000,1548,-0.06940
28.46250,1551,-0.11828
28.47500,1553,-0.11828
28.48750,1556,-0.11828
28.50000,1559,-0.11828
28.51251,1561,-0.11828
28.52500,1564,-0.02053
28.53750,1567,-0.21603
28.55000,1570,-0.16716
28.56250,1573,-0.16716
28.57501,1576,-0.21603
28.58750,1579,-0.26491
28.60000,1582,-0.21603
28.61250,1586,-0.26491
28.62500,1589,-0.26491
28.63751,1592,-0.36266
28.65000,1595,-0.26491
28.66250,1599,-0.36266
28.67500,1602,-0.41153
28.68750,1606,-0.36266
28.70001,1609,-0.50929
28.71250,1613,-0.65591
28.72500,1616,-0.50929
28.73750,1620,-0.55816
28.75000,1623,-0.65591
28.76250,1627,-0.50929
28.77500,1631,-0.80254
28.78750,1634,-0.65591
28.80001,1638,-0.85142
28.81250,1642,-0.90029
28.82500,1646,-0.75366
28.83750,1649,-1.09580
28.85000,1653,-0.65591
28.86250,1657,-1.14467
28.87500,1661,-1.09580
28.88751,1665,-1.34018
28.90000,1669,-1.29130
28.91250,1672,-1.14467
28.92500,1676,-1.43793
28.93750,1680,-1.58456
28.95000,1684,-1.48680
28.96250,1688,-1.68231
28.97500,1692,-1.48680
28.98750,1696,-1.82894
29.00000,1700,-2.17107
29.01250,1700,-2.02444
29.02500,1700,-2.02444
29.03750,1700,-1.97556
29.05000,1700,-1.87781
29.06250,1700,-1.87781
29.07500,1700,-1.58456
29.08750,1700,-1.97556
29.10000,1700,-1.82894
29.11250,1700,-1.78006
29.12500,1700,-1.53568
29.13750,1700,-1.92669
29.15000,1700,-1.78006
29.16250,1700,-1.73118
29.17500,1700,-1.34018
29.18750,1700,-2.07331
29.20001,1700,-1.97556
29.21250,1700,-1.97556
29.22500,1700,-1.92669
29.23750,1700,-1.73118
29.25000,1700,-1.92669
29.26250,1700,-1.73118
29.27500,1700,-1.73118
29.28750,1700,-1.68231
29.30000,1700,-2.02444
29.31250,1700,-1.78006
29.32500,1700,-1.82894
29.33750,1700,-1.53568
29.35000,1700,-1.97556
29.36250,1700,-2.02444
29.37500,1700,-2.02444
29.38750,1700,-1.78006
29.40000,1700,-2.12219
29.41250,1700,-1.92669
29.42500,1700,-1.92669
29.43750,1700,-1.82894
29.45000,1700,-2.07331
29.46250,1700,-1.97556
29.47500,1700,-1.87781
29.48750,1700,-1.82894
29.50000,1700,-2.17107
29.51250,1700,-2.07331
29.52500,1700,-1.97556
29.53750,1700,-1.82894
29.55000,1700,-1.97556
29.56250,1700,-1.92669
29.57501,1700,-1.87781
29.58750,1700,-2.12219
29.60000,1700,-2.02444
29.61250,1700,-1.78006
29.62500,1700,-1.29130
29.63750,1700,-2.21994
29.65000,1700,-2.02444
29.66250,1700,-2.02444
29.67500,1700,-1.97556
29.68750,1700,-2.02444
29.70000,1700,-1.87781
29.71250,1700,-1.63343
29.72500,1700,-2.02444
29.73750,1700,-1.92669
29.75000,1700,-1.78006
29.76250,1700,-1.43793
29.77500,1700,-2.17107
29.78750,1700,-2.12219
29.80000,1700,-2.02444
29.81250,1700,-1.38905
29.82500,1700,-1.92669
29.83750,1700,-1.92669
29.85000,1700,-1.78006
29.86250,1700,-1.38905
29.87500,1700,-2.07331
29.88751,1700,-1.87781
29.90000,1700,-1.73118
29.91250,1700,-1.63343
29.92500,1700,-2.02444
29.93750,1700,-1.97556
29.95001,1700,-1.87781
29.96250,1700,-1.43793
29.97500,1700,-1.87781
29.98750,1700,-1.78006
30.00000,1700,-1.68231
30.01251,1706,-1.87781
30.02501,1714,-1.87781
30.03751,1722,-1.97556
30.05000,1729,-2.31769
30.06250,1737,-2.31769
30.07500,1745,-2.41544
30.08750,1752,-2.65982
30.10001,1760,-2.65982
30.11250,1767,-2.65982
30.12500,1775,-2.80645
30.13751,1782,-3.19746
30.15000,1789,-3.19746
30.16250,1796,-3.05083
30.17500,1803,-3.44184
30.18750,1809,-2.80645
30.20001,1816,-3.88172
30.21250,1822,-3.53959
30.22500,1828,-3.00195
30.23750,1834,-3.97947
30.25000,1840,-3.39296
30.26250,1845,-2.51320
30.27500,1851,-4.17498
30.28750,1856,-3.63734
30.30000,1860,-3.93060
30.31250,1865,-3.53959
30.32500,1869,-4.32160
30.33750,1873,-4.12610
30.35000,1877,-4.37048
30.36250,1881,-4.17498
30.37500,1884,-2.70870
30.38751,1887,-3.58846
30.40000,1889,-4.71261
30.41250,1892,-4.81036
30.42500,1894,-4.07722
30.43750,1895,-4.02835
30.45001,1897,-4.61486
30.46251,1898,-3.29521
30.47500,1899,-4.32160
30.48750,1899,-4.41936
30.50000,1899,-3.97947
30.51251,1899,-3.39296
30.52500,1899,-3.97947
30.53750,1898,-3.58846
30.55000,1897,-4.66373
30.56250,1896,-3.63734
30.57501,1894,-4.27273
30.58750,1892,-3.34409
30.60000,1890,-2.70870
30.61251,1888,-4.27273
30.62500,1885,-4.41936
30.63751,1882,-4.07722
30.65000,1878,-4.12610
30.66251,1875,-4.32160
30.67500,1871,-4.07722
30.68750,1867,-3.97947
30.70001,1862,-4.07722
30.71250,1857,-3.09971
30.72500,1853,-4.07722
30.73750,1847,-4.02835
30.75000,1842,-3.78397
30.76250,1836,-3.49071
30.77500,1830,-2.61095
30.78750,1824,-4.02835
30.80000,1818,-3.44184
30.81250,1812,-3.19746
30.82501,1805,-2.80645
30.83750,1798,-3.44184
30.85000,1792,-3.29521
30.86250,1785,-3.05083
30.87500,1777,-3.00195
30.88751,1770,-3.00195
30.90000,1763,-2.65982
30.91250,1755,-2.12219
30.92500,1748,-2.90420
30.93750,1740,-2.80645
30.95001,1732,-2.56207
30.96250,1724,-2.41544
30.97500,1717,-2.26882
30.98750,1709,-2.21994
31.00000,1701,-1.92669
31.01250,1694,-1.73118
31.02500,1686,-2.02444
31.03750,1678,-1.73118
31.05000,1671,-1.68231
31.06250,1663,-1.58456
31.07500,1655,-1.19355
31.08750,1648,-1.43793
31.10001,1640,-0.90029
31.11250,1633,-0.80254
31.12500,1625,-0.94917
31.13751,1618,-0.50929
31.15000,1611,-0.60704
31.16250,1604,-0.80254
31.17500,1597,-0.21603
31.18750,1591,-0.36266
31.20000,1584,-0.26491
31.21250,1578,-0.21603
31.22500,1572,-0.16716
31.23750,1566,-0.02053
31.25000,1560,-0.11828
31.26250,1555,-0.02053
31.27500,1549,-0.02053
31.28750,1544,-0.02053
31.30000,1540,0.02835
31.31250,1535,-0.02053
31.32501,1531,-0.02053
31.33750,1527,0.02835
31.35000,1523,-0.02053
31.36251,1519,0.02835
31.37500,1516,0.02835
31.38750,1513,0.02835
31.40000,1511,0.02835
31.41250,1508,0.02835
31.42500,1506,0.02835
31.43750,1505,0.02835
31.45001,1503,-0.02053
31.46250,1502,0.02835
31.47500,1501,-0.02053
31.48750,1501,0.02835
31.50000,1501,-0.02053
31.51251,1501,0.02835
31.52500,1501,0.07722
31.53750,1502,0.02835
31.55000,1503,-0.02053
31.56250,1504,-0.02053
31.57501,1506,0.02835
31.58750,1508,-0.02053
31.60000,1510,0.02835
31.61250,1512,0.02835
31.62500,1515,-0.02053
31.63751,1518,-0.02053
31.65000,1522,-0.02053
31.66250,1525,0.02835
31.67500,1529,0.02835
31.68750,1533,-0.02053
31.70001,1538,0.02835
31.71250,1543,0.02835
31.72500,1547,-0.02053
31.73750,1553,-0.31378
31.75000,1558,-0.16716
31.76250,1564,-0.41153
31.77500,1570,-0.26491
31.78750,1576,-0.21603
31.80000,1582,-0.16716
31.81250,1588,-0.16716
31.82501,1595,-0.11828
31.83750,1602,-0.06940
31.85000,1608,-0.06940
31.86250,1615,-0.11828
31.87500,1623,-0.06940
31.88750,1630,-0.06940
31.90000,1637,-0.26491
31.91250,1645,-0.75366
31.92500,1652,-0.46041
31.93750,1660,-1.43793
31.95001,1668,-1.14467
31.96250,1676,-1.29130
31.97500,1683,-1.58456
31.98750,1691,-1.53568
32.00000,1699,-2.02444
32.01250,1706,-1.92669
32.02500,1714,-1.92669
32.03750,1722,-2.02444
32.05000,1729,-2.07331
32.06250,1737,-2.46432
32.07500,1745,-1.97556
32.08750,1752,-2.46432
32.10000,1760,-2.51320
32.11250,1767,-2.85533
32.12500,1775,-2.07331
32.13750,1782,-3.05083
32.15000,1789,-3.00195
32.16250,1796,-3.00195
32.17500,1803,-3.49071
32.18750,1809,-3.19746
32.20000,1816,-2.90420
32.21250,1822,-3.58846
32.22500,1828,-2.90420
32.23750,1834,-3.73509
32.25000,1840,-3.78397
32.26250,1845,-4.02835
32.27500,1851,-3.24633
32.28750,1856,-4.07722
32.30000,1860,-3.14858
32.31250,1865,-3.09971
32.32500,1869,-2.90420
32.33750,1873,-4.02835
32.35000,1877,-3.93060
32.36250,1881,-4.27273
32.37500,1884,-4.22385
32.38750,1887,-3.73509
32.40000,1889,-4.46823
32.41250,1892,-3.93060
32.42500,1894,-4.17498
32.43750,1895,-3.58846
32.45000,1897,-2.75758
32.46250,1898,-3.63734
32.47500,1899,-2.70870
32.48750,1899,-3.73509
32.50000,1899,-3.14858
32.51250,1899,-2.80645
32.52500,1899,-3.68622
32.53750,1898,-4.41936
32.55000,1897,-3.19746
32.56250,1896,-3.09971
32.57500,1894,-3.00195
32.58750,1892,-3.44184
32.60000,1890,-3.58846
32.61250,1888,-3.58846
32.62500,1885,-3.29521
32.63750,1882,-4.17498
32.65000,1878,-4.27273
32.66250,1875,-3.58846
32.67500,1871,-2.70870
32.68750,1867,-3.29521
32.70000,1862,-4.02835
32.71250,1857,-3.93060
32.72500,1853,-3.39296
32.73750,1847,-2.85533
32.75000,1842,-3.78397
32.76250,1836,-3.88172
32.77500,1830,-3.53959
32.78750,1824,-3.29521
32.80000,1818,-3.53959
32.81250,1812,-3.00195
32.82500,1805,-3.34409
32.83750,1798,-3.39296
32.85000,1792,-3.19746
32.86250,1785,-3.14858
32.87500,1777,-3.05083
32.88750,1770,-2.90420
32.90000,1763,-2.70870
32.91250,1755,-2.70870
32.92500,1748,-2.56207
32.93750,1740,-2.36657
32.95000,1732,-2.61095
32.96250,1724,-2.36657
32.97500,1717,-2.21994
32.98751,1709,-2.21994
33.00000,1701,-2.12219
33.01250,1694,-1.82894
33.02500,1686,-1.73118
33.03750,1678,-1.53568
33.05000,1671,-1.58456
33.06250,1663,-1.24243
33.07500,1655,-1.09580
33.08750,1648,-1.24243
33.10000,1640,-0.94917
33.11250,1633,-0.90029
33.12500,1625,-0.70479
33.13750,1618,-0.41153
33.15000,1611,-0.50929
33.16250,1604,-0.50929
33.17500,1597,-0.21603
33.18750,1591,-0.31378
33.20000,1584,-0.16716
33.21250,1578,-0.06940
33.22500,1572,-0.31378
33.23750,1566,-0.16716
33.25002,1560,-0.06940
33.26250,1555,-0.02053
33.27500,1549,0.02835
33.28750,1544,-0.02053
33.30000,1540,-0.02053
33.31250,1535,-0.02053
33.32500,1531,0.02835
33.33750,1527,0.02835
33.35000,1523,0.02835
33.36250,1519,-0.02053
33.37500,1516,0.02835
33.38750,1513,0.02835
33.40000,1511,0.02835
33.41250,1508,0.02835
33.42500,1506,0.02835
33.43750,1505,-0.02053
33.45000,1503,-0.02053
33.46250,1502,-0.02053
33.47500,1501,0.02835
33.48750,1501,0.02835
33.50000,1501,-0.02053
33.51250,1501,-0.02053
33.52500,1501,-0.02053
33.53750,1502,0.02835
33.55000,1503,-0.02053
33.56250,1504,-0.02053
33.57500,1506,-0.02053
33.58750,1508,0.02835
33.60000,1510,0.02835
33.61250,1512,-0.02053
33.62501,1515,-0.02053
33.63750,1518,0.02835
33.65000,1522,0.02835
33.66250,1525,0.02835
33.67500,1529,-0.02053
33.68750,1533,-0.02053
33.70000,1538,-0.02053
33.71250,1543,0.02835
33.72500,1547,-0.02053
33.73750,1553,-0.26491
33.75000,1558,-0.26491
33.76250,1564,-0.26491
33.77500,1570,-0.46041
33.78750,1576,-0.31378
33.80001,1582,-0.16716
33.81250,1588,-0.16716
33.82500,1595,-0.11828
33.83750,1602,-0.06940
33.85000,1608,-0.16716
33.86250,1615,-0.02053
33.87501,1623,-0.11828
33.88750,1630,-0.16716
33.90000,1637,-0.02053
33.91250,1645,-0.50929
33.92500,1652,-0.26491
33.93750,1660,-1.14467
33.95000,1668,-0.90029
33.96250,1676,-1.29130
33.97500,1683,-1.92669
33.98750,1691,-1.68231
34.00000,1699,-1.92669
34.01250,1700,-2.21994
34.02500,1700,-1.97556
34.03750,1700,-2.12219
34.05000,1700,-2.07331
34.06250,1700,-2.12219
34.07500,1700,-1.87781
34.08750,1700,-1.87781
34.10000,1700,-1.87781
34.11250,1700,-1.34018
34.12500,1700,-1.97556
34.13750,1700,-1.92669
34.15000,1700,-1.87781
34.16250,1700,-1.29130
34.17500,1700,-1.97556
34.18750,1700,-1.78006
34.20000,1700,-1.82894
34.21250,1700,-1.63343
34.22500,1700,-2.07331
34.23750,1700,-1.92669
34.25000,1700,-1.87781
34.26250,1700,-1.63343
34.27500,1700,-2.17107
34.28750,1700,-2.12219
34.30000,1700,-2.07331
34.31250,1700,-2.02444
34.32500,1700,-1.92669
34.33750,1700,-1.78006
34.35000,1700,-1.73118
34.36250,1700,-1.92669
34.37500,1700,-1.73118
34.38750,1700,-1.78006
34.40000,1700,-1.92669
34.41250,1700,-1.92669
34.42500,1700,-1.87781
34.43750,1700,-1.92669
34.45000,1700,-1.82894
34.46250,1700,-1.73118
34.47500,1700,-1.68231
34.48750,1700,-2.12219
34.50000,1700,-1.92669
34.51250,1700,-1.82894
34.52500,1700,-2.17107
34.53750,1700,-2.12219
34.55000,1700,-2.02444
34.56250,1700,-1.97556
34.57500,1700,-1.92669
34.58750,1700,-1.87781
34.60000,1700,-2.07331
34.61250,1700,-1.87781
34.62500,1700,-1.34018
34.63750,1700,-2.12219
34.65000,1700,-1.92669
34.66250,1700,-1.97556
34.67500,1700,-1.78006
34.68750,1700,-1.38905
34.70000,1700,-1.87781
34.71250,1700,-1.73118
34.72500,1700,-1.92669
34.73750,1700,-1.82894
34.75000,1700,-1.29130
34.76250,1700,-1.82894
34.77500,1700,-1.68231
34.78750,1700,-1.82894
34.80000,1700,-1.82894
34.81250,1700,-1.73118
34.82500,1700,-2.02444
34.83750,1700,-1.87781
34.85000,1700,-1.82894
34.86250,1700,-1.82894
34.87500,1700,-1.38905
34.88750,1700,-1.92669
34.90000,1700,-1.82894
34.91250,1700,-1.97556
34.92500,1700,-2.02444
34.93750,1700,-1.38905
34.95000,1700,-2.07331
34.96250,1700,-1.87781
34.97500,1700,-1.92669
34.98750,1700,-1.82894
35.00000,1700,-1.34018
35.01250,1709,-2.02444
35.02500,1721,-1.73118
35.03750,1732,-2.36657
35.05000,1744,-2.31769
35.06250,1755,-2.61095
35.07500,1767,-2.90420
35.08750,1778,-2.12219
35.10000,1788,-3.19746
35.11250,1799,-3.29521
35.12500,1809,-3.14858
35.13750,1818,-3.68622
35.15000,1828,-3.44184
35.16250,1837,-3.88172
35.17500,1845,-3.73509
35.18750,1853,-3.78397
35.20000,1860,-3.63734
35.21250,1867,-3.68622
35.22500,1873,-3.05083
35.23750,1878,-3.97947
35.25000,1883,-4.07722
35.26250,1888,-4.51711
35.27500,1891,-3.24633
35.28750,1894,-4.41936
35.30000,1897,-3.44184
35.31250,1898,-4.27273
35.32500,1899,-4.51711
35.33750,1899,-3.00195
35.35000,1899,-4.32160
35.36250,1898,-4.37048
35.37500,1896,-3.63734
35.38750,1894,-3.29521
35.40000,1890,-4.51711
35.41250,1887,-4.07722
35.42500,1882,-3.93060
35.43750,1877,-4.22385
35.45000,1871,-2.80645
35.46250,1865,-2.75758
35.47500,1858,-3.88172
35.48750,1850,-2.85533
35.50000,1842,-3.88172
35.51250,1834,-3.39296
35.52500,1825,-3.78397
35.53750,1816,-2.70870
35.55000,1806,-3.00195
35.56250,1796,-2.95308
35.57501,1785,-3.39296
35.58750,1774,-3.63734
35.60000,1763,-3.00195
35.61250,1752,-2.85533
35.62500,1741,-2.95308
35.63750,1729,-2.51320
35.65000,1717,-2.61095
35.66250,1706,-2.31769
35.67500,1695,-1.97556
35.68750,1683,-2.02444
35.70001,1671,-1.48680
35.71250,1660,-1.24243
35.72500,1648,-1.38905
35.73750,1637,-0.80254
35.75000,1626,-0.85142
35.76250,1615,-0.55816
35.77500,1605,-0.36266
35.78750,1595,-0.50929
35.80000,1585,-0.31378
35.81250,1575,-0.06940
35.82500,1566,-0.21603
35.83751,1558,-0.02053
35.85000,1550,-0.06940
35.86250,1542,-0.02053
35.87500,1535,0.02835
35.88751,1529,0.02835
35.90000,1523,0.07722
35.91250,1518,0.02835
35.92500,1514,0.02835
35.93750,1510,-0.02053
35.95000,1507,0.02835
35.96250,1504,0.02835
35.97500,1502,-0.02053
35.98750,1501,0.02835
36.00000,1501,-0.02053
36.01250,1501,-0.02053
36.02500,1502,-0.02053
36.03750,1503,0.07722
36.05000,1506,0.02835
36.06250,1508,0.02835
36.07500,1512,0.02835
36.08750,1516,-0.02053
36.10000,1521,-0.02053
36.11251,1527,-0.02053
36.12500,1533,-0.02053
36.13750,1540,0.02835
36.15000,1547,-0.02053
36.16250,1555,0.02835
36.17500,1563,-0.02053
36.18750,1572,-0.02053
36.20000,1581,-0.75366
36.21250,1591,-0.41153
36.22500,1601,-0.26491
36.23750,1611,-0.16716
36.25000,1622,-0.06940
36.26250,1633,-0.11828
36.27500,1644,-0.06940
36.28750,1655,-0.06940
36.30000,1667,-0.11828
36.31250,1679,-0.02053
36.32500,1690,-0.06940
36.33750,1701,-0.31378
36.35000,1713,-0.31378
36.36250,1725,-0.50929
36.37500,1736,-1.73118
36.38750,1748,-1.29130
36.40000,1759,-1.58456
36.41250,1770,-2.56207
36.42500,1781,-2.56207
36.43750,1792,-2.90420
36.45001,1802,-3.49071
36.46250,1812,-3.39296
36.47500,1822,-3.58846
36.48750,1831,-3.44184
36.50000,1839,-3.53959
36.51250,1848,-3.93060
36.52500,1855,-3.78397
36.53750,1862,-3.00195
36.55001,1869,-3.93060
36.56250,1875,-4.41936
36.57500,1880,-3.05083
36.58750,1885,-3.73509
36.60000,1889,-4.02835
36.61250,1892,-4.37048
36.62500,1895,-4.46823
36.63750,1897,-4.37048
36.65000,1899,-3.14858
36.66250,1899,-4.66373
36.67500,1899,-3.88172
36.68750,1899,-4.32160
36.70000,1897,-4.71261
36.71250,1895,-3.09971
36.72500,1893,-2.80645
36.73750,1889,-3.83284
36.75000,1885,-4.66373
36.76250,1880,-3.44184
36.77500,1875,-3.68622
36.78750,1869,-4.27273
36.80000,1863,-3.58846
36.81250,1856,-2.85533
36.82500,1848,-3.93060
36.83750,1840,-3.68622
36.85000,1831,-3.88172
36.86251,1822,-3.88172
36.87500,1812,-3.58846
36.88750,1803,-3.39296
36.90000,1792,-3.39296
36.91250,1782,-2.95308
36.92501,1771,-3.09971
36.93750,1760,-2.95308
36.95000,1748,-2.70870
36.96250,1737,-1.97556
36.97500,1725,-2.56207
36.98750,1713,-2.65982
37.00000,1702,-2.17107
37.01250,1691,-1.78006
37.02500,1679,-1.68231
37.03750,1668,-1.43793
37.05000,1656,-1.48680
37.06250,1645,-1.04692
37.07500,1633,-0.65591
37.08750,1622,-0.75366
37.10000,1612,-0.41153
37.11250,1601,-0.31378
37.12500,1591,-0.36266
37.13750,1582,-0.06940
37.15000,1572,-0.21603
37.16250,1563,-0.02053
37.17500,1555,0.02835
37.18750,1547,-0.06940
37.20000,1540,0.02835
37.21250,1533,0.02835
37.22500,1527,0.02835
37.23750,1522,0.02835
37.25000,1517,-0.02053
37.26250,1512,-0.02053
37.27500,1509,0.02835
37.28750,1506,-0.02053
37.30000,1503,-0.02053
37.31250,1502,0.02835
37.32500,1501,-0.02053
37.33750,1501,0.02835
37.35000,1501,0.02835
37.36250,1502,0.02835
37.37500,1504,0.02835
37.38750,1506,0.02835
37.40000,1510,-0.02053
37.41250,1513,0.02835
37.42500,1518,0.02835
37.43750,1523,0.02835
37.45001,1529,-0.02053
37.46250,1535,-0.02053
37.47500,1542,-0.02053
37.48750,1550,-0.02053
37.50001,1558,-0.02053
37.51250,1566,0.02835
37.52500,1575,0.02835
37.53750,1584,-0.80254
37.55000,1594,-0.60704
37.56250,1604,-0.41153
37.57500,1615,-0.36266
37.58750,1626,-0.31378
37.60000,1637,-0.26491
37.61250,1648,-0.11828
37.62500,1659,-0.11828
37.63750,1671,-0.06940
37.65000,1683,-0.21603
37.66250,1694,-0.06940
37.67500,1700,-0.11828
37.68750,1700,-0.06940
37.70000,1700,-0.06940
37.71250,1700,-0.11828
37.72500,1700,-0.31378
37.73750,1700,-0.55816
37.75000,1700,-0.50929
37.76250,1700,-1.58456
37.77500,1700,-1.92669
37.78750,1700,-1.53568
37.80000,1700,-2.17107
37.81250,1700,-2.02444
37.82500,1700,-2.02444
37.83750,1700,-2.12219
37.85000,1700,-2.26882
37.86250,1700,-2.26882
37.87500,1700,-2.17107
37.88750,1700,-2.12219
37.90000,1700,-2.07331
37.91250,1700,-2.12219
37.92500,1700,-1.82894
37.93750,1700,-2.02444
37.95000,1700,-1.97556
37.96250,1700,-1.87781
37.97500,1700,-1.29130
37.98750,1700,-1.87781
38.00000,1700,-1.97556
38.01250,1700,-1.92669
38.02500,1700,-1.87781
38.03750,1700,-1.82894
38.05000,1700,-1.73118
38.06250,1700,-2.02444
38.07500,1700,-1.97556
38.08750,1700,-1.97556
38.10000,1700,-1.87781
38.11250,1700,-1.87781
38.12500,1700,-1.34018
38.13750,1700,-1.78006
38.15000,1700,-2.02444
38.16250,1700,-2.02444
38.17500,1700,-1.87781
38.18750,1700,-1.82894
38.20000,1700,-1.78006
38.21250,1700,-1.87781
38.22500,1700,-2.17107
38.23750,1700,-2.02444
38.25000,1700,-1.97556
38.26250,1700,-1.92669
38.27500,1700,-1.92669
38.28750,1700,-1.92669
38.30000,1700,-1.48680
38.31250,1700,-1.97556
38.32500,1700,-2.12219
38.33750,1700,-2.17107
38.35000,1700,-2.07331
38.36250,1700,-2.07331
38.37500,1700,-1.97556
38.38750,1700,-1.97556
38.40000,1700,-2.02444
38.41250,1700,-1.92669
38.42500,1700,-1.73118
38.43750,1700,-1.92669
38.45000,1700,-1.92669
38.46250,1700,-1.78006
38.47500,1700,-1.73118
38.48750,1700,-1.73118
38.50000,1700,-1.63343
38.51250,1700,-2.02444
38.52500,1700,-1.92669
38.53750,1700,-1.78006
38.55000,1700,-1.92669
38.56250,1700,-1.92669
38.57500,1700,-2.02444
38.58750,1700,-2.02444
38.60000,1700,-2.12219
38.61250,1700,-1.97556
38.62500,1700,-2.02444
38.63750,1700,-1.87781
38.65000,1700,-1.78006
38.66250,1700,-1.97556
38.67500,1707,-1.82894
38.68750,1723,-1.82894
38.70000,1738,-2.41544
38.71251,1753,-2.21994
38.72500,1768,-2.41544
38.73750,1783,-2.90420
38.75000,1797,-2.95308
38.76250,1810,-2.95308
38.77500,1823,-3.78397
38.78750,1835,-3.34409
38.80000,1846,-3.97947
38.81250,1856,-3.34409
38.82500,1866,-3.09971
38.83750,1874,-3.88172
38.85000,1881,-2.95308
38.86250,1887,-4.37048
38.87500,1892,-4.27273
38.88750,1896,-3.73509
38.90000,1898,-3.05083
38.91250,1899,-4.46823
38.92500,1899,-3.97947
38.93750,1898,-4.81036
38.95000,1896,-2.80645
38.96250,1892,-4.37048
38.97500,1887,-3.88172
38.98750,1881,-4.22385
39.00000,1874,-3.05083
39.01250,1866,-2.65982
39.02500,1857,-2.75758
39.03750,1847,-2.65982
39.05000,1836,-3.19746
39.06250,1824,-3.63734
39.07500,1811,-3.49071
39.08750,1798,-3.73509
39.10000,1784,-3.39296
39.11250,1769,-3.39296
39.12500,1754,-2.95308
39.13750,1739,-2.51320
39.15000,1723,-2.80645
39.16250,1708,-2.12219
39.17500,1693,-1.97556
39.18750,1677,-1.78006
39.20000,1662,-1.14467
39.21250,1647,-1.29130
39.22500,1632,-0.99805
39.23750,1617,-0.36266
39.25000,1603,-0.75366
39.26250,1590,-0.21603
39.27500,1577,-0.11828
39.28750,1565,-0.16716
39.30001,1554,-0.02053
39.31250,1544,-0.06940
39.32500,1534,-0.02053
39.33750,1526,0.02835
39.35000,1519,0.02835
39.36250,1513,0.02835
39.37500,1508,0.02835
39.38750,1504,-0.02053
39.40000,1502,-0.02053
39.41250,1501,0.02835
39.42500,1501,-0.02053
39.43750,1502,-0.02053
39.45000,1504,0.02835
39.46250,1508,-0.02053
39.47500,1513,0.02835
39.48750,1519,-0.02053
39.50000,1526,0.02835
39.51250,1534,-0.02053
39.52500,1543,0.02835
39.53750,1553,-0.02053
39.55000,1564,0.02835
39.56250,1576,0.02835
39.57500,1589,0.02835
39.58750,1602,0.02835
39.60000,1616,-0.02053
39.61250,1631,0.02835
39.62500,1646,-0.02053
39.63750,1661,-0.36266
39.65000,1677,-0.36266
39.66250,1692,-0.21603
39.67500,1707,-0.16716
39.68750,1723,-0.16716
39.70001,1738,-0.06940
39.71250,1753,-0.11828
39.72500,1768,-0.16716
39.73750,1783,-0.11828
39.75000,1797,-0.06940
39.76250,1810,-0.06940
39.77500,1823,-0.50929
39.78750,1835,-0.26491
39.80000,1846,-0.60704
39.81250,1856,-0.36266
39.82500,1866,-1.48680
39.83750,1874,-1.78006
39.85000,1881,-1.58456
39.86250,1887,-2.46432
39.87500,1892,-3.19746
39.88750,1896,-2.80645
39.90000,1898,-3.97947
39.91250,1899,-3.44184
39.92500,1899,-3.09971
39.93750,1898,-4.37048
39.95000,1896,-4.41936
39.96250,1892,-4.61486
39.97500,1887,-4.17498
39.98750,1881,-4.41936
40.00000,1874,-4.46823
40.01250,1866,-4.22385
40.02500,1857,-4.22385
40.03750,1847,-3.93060
40.05000,1836,-3.34409
40.06250,1824,-3.24633
40.07500,1811,-3.63734
40.08750,1798,-3.34409
40.10000,1784,-3.29521
40.11250,1769,-2.61095
40.12501,1754,-3.05083
40.13750,1739,-2.90420
40.15000,1723,-2.80645
40.16250,1708,-2.21994
40.17500,1693,-1.82894
40.18750,1677,-2.12219
40.20000,1662,-1.38905
40.21250,1647,-1.38905
40.22500,1632,-1.29130
40.23750,1617,-0.55816
40.25000,1603,-0.60704
40.26250,1590,-0.21603
40.27500,1577,-0.11828
40.28750,1565,-0.11828
40.30000,1554,0.02835
40.31250,1544,-0.06940
40.32500,1534,-0.02053
40.33750,1526,0.12610
40.35000,1519,0.07722
40.36250,1513,0.02835
40.37500,1508,0.02835
40.38751,1504,-0.02053
40.40000,1502,0.02835
40.41250,1501,-0.02053
40.42500,1501,0.02835
40.43750,1502,0.02835
40.45000,1504,0.02835
40.46250,1508,0.02835
40.47500,1513,0.02835
40.48750,1519,0.02835
40.50000,1526,0.07722
40.51250,1534,0.02835
40.52500,1543,0.02835
40.53750,1553,-0.02053
40.55000,1564,0.02835
40.56250,1576,0.02835
40.57500,1589,-0.02053
40.58750,1602,-0.02053
40.60000,1616,0.02835
40.61250,1631,0.02835
40.62500,1646,-1.82894
40.63750,1661,-0.41153
40.65000,1677,-0.26491
40.66250,1692,-0.36266
40.67500,1700,-0.16716
40.68750,1700,-0.16716
40.70000,1700,-0.11828
40.71250,1700,-0.11828
40.72500,1700,-0.02053
40.73750,1700,-0.06940
40.75000,1700,-0.11828
40.76250,1700,0.02835
40.77500,1700,-0.36266
40.78750,1700,-0.31378
40.80000,1700,-0.60704
40.81250,1700,-0.46041
40.82500,1700,-0.99805
40.83750,1700,-1.53568
40.85000,1700,-1.24243
40.86250,1700,-2.36657
40.87500,1700,-2.21994
40.88750,1700,-2.02444
40.90000,1700,-2.07331
40.91250,1700,-1.97556
40.92500,1700,-1.92669
40.93750,1700,-1.92669
40.95000,1700,-2.02444
40.96250,1700,-1.82894
40.97500,1700,-1.87781
40.98750,1700,-2.02444
41.00000,1700,-1.97556
41.01250,1700,-1.87781
41.02500,1700,-1.92669
41.03750,1700,-1.92669
41.05000,1700,-1.82894
41.06250,1700,-1.82894
41.07500,1700,-1.24243
41.08750,1700,-2.02444
41.10000,1700,-1.82894
41.11250,1700,-1.73118
41.12500,1700,-1.43793
41.13750,1700,-2.02444
41.15000,1700,-1.87781
41.16250,1700,-1.43793
41.17500,1700,-1.92669
41.18750,1700,-1.82894
41.20000,1700,-1.73118
41.21250,1700,-1.34018
41.22500,1700,-1.87781
41.23750,1700,-1.78006
41.25000,1700,-1.73118
41.26250,1700,-1.73118
41.27500,1700,-1.82894
41.28750,1700,-1.97556
41.30000,1700,-1.97556
41.31250,1700,-1.87781
41.32500,1700,-1.48680
41.33750,1700,-1.87781
41.35000,1700,-1.82894
41.36250,1700,-1.73118
41.37500,1700,-1.24243
41.38750,1700,-1.82894
41.40000,1700,-1.92669
41.41250,1700,-1.87781
41.42500,1700,-1.78006
41.43750,1700,-1.78006
41.45000,1700,-1.58456
41.46250,1700,-1.97556
41.47500,1700,-1.92669
41.48750,1700,-1.87781
41.50000,1700,-1.34018
41.51250,1700,-1.92669
41.52500,1700,-1.87781
41.53750,1700,-1.82894
41.55000,1700,-1.53568
41.56250,1700,-1.97556
41.57500,1700,-1.92669
41.58750,1700,-1.78006
41.60000,1700,-1.82894
41.61250,1700,-1.92669
41.62500,1700,-2.12219
41.63750,1700,-2.12219
41.65000,1700,-2.02444
41.66250,1700,-1.97556
41.67500,1711,-1.87781
41.68750,1734,-1.87781
41.70000,1757,-2.70870
41.71250,1779,-2.46432
41.72500,1800,-3.19746
41.73750,1820,-3.68622
41.75000,1838,-3.44184
41.76250,1854,-3.97947
41.77500,1868,-2.75758
41.78750,1879,-4.51711
41.80000,1888,-3.93060
41.81250,1895,-4.22385
41.82500,1898,-4.66373
41.83750,1899,-3.97947
41.85000,1898,-4.37048
41.86250,1893,-3.19746
41.87500,1886,-4.85924
41.88750,1876,-4.46823
41.90000,1864,-3.97947
41.91250,1849,-4.32160
41.92500,1833,-3.88172
41.93750,1814,-4.02835
41.95000,1794,-3.49071
41.96250,1773,-2.41544
41.97500,1751,-2.90420
41.98750,1728,-2.85533
42.00000,1704,-2.07331
42.01250,1682,-2.36657
42.02500,1658,-1.53568
42.03750,1636,-0.85142
42.05000,1614,-0.99805
42.06250,1593,-0.16716
42.07500,1574,-0.02053
42.08750,1557,-0.16716
42.10000,1541,0.02835
42.11250,1528,0.02835
42.12500,1518,0.07722
42.13750,1509,0.07722
42.15000,1504,0.02835
42.16250,1501,0.02835
42.17500,1501,0.02835
42.18750,1503,-0.02053
42.20000,1509,-0.02053
42.21250,1517,0.02835
42.22500,1528,-0.02053
42.23750,1541,0.02835
42.25000,1556,0.02835
42.26250,1573,0.02835
42.27500,1592,0.02835
42.28750,1613,0.02835
42.30000,1634,0.07722
42.31251,1657,0.02835
42.32500,1680,0.02835
42.33750,1703,0.02835
42.35000,1726,0.02835
42.36250,1749,0.02835
42.37500,1772,0.02835
42.38750,1793,0.02835
42.40000,1813,0.02835
42.41250,1832,-5.00586
42.42500,1849,-0.41153
42.43750,1863,-0.36266
42.45000,1876,-0.31378
42.46250,1885,-0.16716
42.47500,1893,-0.16716
42.48750,1898,-0.16716
42.50000,1899,-0.06940
42.51250,1899,-0.11828
42.52500,1895,-0.11828
42.53750,1889,-0.02053
42.55000,1880,-0.06940
42.56250,1868,-0.02053
42.57500,1855,-0.31378
42.58750,1839,-0.26491
42.60000,1821,-0.60704
42.61250,1801,-0.50929
42.62500,1780,-1.29130
42.63750,1758,-1.68231
42.65000,1735,-1.58456
42.66250,1712,-2.70870
42.67500,1689,-2.12219
42.68750,1666,-1.63343
42.70000,1643,-0.80254
42.71250,1621,-1.29130
42.72500,1600,-0.75366
42.73750,1580,-0.06940
42.75000,1562,-0.36266
42.76250,1546,0.07722
42.77500,1532,0.17498
42.78750,1521,0.12610
42.80000,1512,0.12610
42.81250,1505,0.02835
42.82500,1502,0.07722
42.83750,1501,0.02835
42.85000,1502,-0.02053
42.86250,1507,-0.02053
42.87500,1514,0.02835
42.88750,1524,-0.02053
42.90000,1536,-0.02053
42.91250,1551,0.02835
42.92500,1567,0.02835
42.93750,1586,-0.02053
42.95000,1606,-0.02053
42.96250,1627,-0.02053
42.97500,1649,-0.02053
42.98750,1672,0.02835
43.00000,1696,0.02835
43.01250,1700,0.02835
43.02500,1700,0.02835
43.03750,1700,-0.02053
43.05000,1700,0.02835
43.06250,1700,0.02835
43.07500,1700,-0.36266
43.08750,1700,-0.36266
43.10000,1700,-0.36266
43.11250,1700,-0.31378
43.12500,1700,-0.26491
43.13750,1700,-0.11828
43.15000,1700,-0.16716
43.16250,1700,-0.16716
43.17500,1700,-0.06940
43.18750,1700,-0.11828
43.20000,1700,-0.11828
43.21250,1700,-0.06940
43.22500,1700,-0.02053
43.23750,1700,-0.41153
43.25000,1700,-0.26491
43.26251,1700,-0.50929
43.27500,1700,-1.48680
43.28750,1700,-1.38905
43.30000,1700,-1.73118
43.31250,1700,-1.38905
43.32500,1700,-2.21994
43.33750,1700,-1.92669
43.35000,1700,-1.97556
43.36250,1700,-1.92669
43.37500,1700,-1.92669
43.38750,1700,-1.87781
43.40000,1700,-1.43793
43.41250,1700,-2.12219
43.42500,1700,-2.02444
43.43750,1700,-2.07331
43.45000,1700,-1.82894
43.46250,1700,-2.07331
43.47500,1700,-1.87781
43.48750,1700,-2.17107
43.50000,1700,-2.02444
43.51250,1700,-1.92669
43.52500,1700,-1.38905
43.53750,1700,-1.87781
43.55000,1700,-1.53568
43.56250,1700,-1.82894
43.57500,1700,-2.02444
43.58750,1700,-1.73118
43.60000,1700,-1.73118
43.61250,1700,-1.78006
43.62501,1700,-1.78006
43.63750,1700,-1.82894
43.65000,1700,-1.38905
43.66250,1700,-1.68231
43.67500,1700,-1.82894
43.68750,1700,-1.87781
43.70000,1700,-1.82894
43.71250,1700,-1.48680
43.72500,1700,-1.82894
43.73750,1700,-2.02444
43.75000,1700,-1.34018
43.76250,1700,-1.78006
43.77500,1700,-2.02444
43.78750,1700,-1.58456
43.80000,1700,-1.92669
43.81250,1700,-2.02444
43.82500,1700,-1.87781
43.83750,1700,-1.92669
43.85000,1700,-1.63343
43.86250,1700,-2.07331
43.87500,1700,-2.02444
43.88750,1700,-1.87781
43.90000,1700,-2.02444
43.91250,1700,-1.73118
43.92500,1700,-2.07331
43.93750,1700,-1.38905
43.95000,1700,-1.82894
43.96250,1700,-1.48680
43.97500,1700,-1.82894
43.98750,1700,-1.48680
44.00000,1700,-1.87781
44.01250,1724,-1.97556
44.02500,1755,-1.73118
44.03750,1785,-3.05083
44.05000,1812,-2.46432
44.06250,1836,-3.93060
44.07500,1857,-3.44184
44.08750,1875,-3.83284
44.10000,1888,-4.27273
44.11250,1896,-3.05083
44.12500,1899,-4.41936
44.13750,1898,-4.37048
44.15000,1892,-2.85533
44.16250,1881,-4.17498
44.17501,1865,-3.78397
44.18750,1845,-4.27273
44.20000,1822,-3.58846
44.21250,1796,-3.73509
44.22500,1767,-3.49071
44.23750,1737,-2.75758
44.25000,1706,-2.80645
44.26250,1676,-1.92669
44.27500,1645,-1.34018
44.28750,1615,-1.29130
44.30000,1588,-0.16716
44.31250,1564,-0.41153
44.32500,1543,-0.02053
44.33750,1525,0.22385
44.35000,1512,0.12610
44.36250,1504,0.07722
44.37500,1501,0.02835
44.38750,1502,0.02835
44.40000,1508,0.02835
44.41250,1519,0.02835
44.42500,1535,0.02835
44.43750,1555,-0.11828
44.45000,1578,-0.06940
44.46250,1604,-0.50929
44.47500,1633,-1.48680
44.48750,1663,-1.73118
44.50000,1694,-2.41544
44.51250,1724,-1.82894
44.52500,1755,-2.46432
44.53750,1785,-3.49071
44.55000,1812,-3.05083
44.56250,1836,-3.24633
44.57500,1857,-3.05083
44.58750,1875,-4.17498
44.60000,1888,-4.76149
44.61250,1896,-4.76149
44.62500,1899,-4.37048
44.63751,1898,-4.51711
44.65000,1892,-4.46823
44.66250,1881,-3.93060
44.67500,1865,-4.81036
44.68750,1845,-4.27273
44.70000,1822,-3.83284
44.71250,1796,-3.97947
44.72500,1767,-3.29521
44.73750,1737,-3.14858
44.75000,1706,-2.95308
44.76250,1676,-1.87781
44.77500,1645,-1.43793
44.78750,1615,-1.29130
44.80000,1588,-0.21603
44.81250,1564,-0.46041
44.82500,1543,-0.02053
44.83751,1525,0.12610
44.85000,1512,0.07722
44.86250,1504,0.02835
44.87500,1501,0.02835
44.88750,1502,0.02835
44.90000,1508,-0.02053
44.91250,1519,-0.02053
44.92500,1535,0.02835
44.93750,1555,-0.06940
44.95000,1578,-0.02053
44.96250,1604,-0.50929
44.97500,1633,-1.34018
44.98750,1663,-1.34018
45.00000,1694,-2.12219
45.01250,1700,-1.82894
45.02500,1700,-2.26882
45.03750,1700,-1.68231
45.05000,1700,-1.87781
45.06250,1700,-1.92669
45.07500,1700,-2.12219
45.08750,1700,-2.07331
45.10000,1700,-2.07331
45.11250,1700,-1.92669
45.12500,1700,-1.38905
45.13750,1700,-2.07331
45.15000,1700,-1.87781
45.16250,1700,-2.02444
45.17500,1700,-1.87781
45.18750,1700,-1.92669
45.20000,1700,-2.02444
45.21250,1700,-2.02444
45.22500,1700,-1.82894
45.23750,1700,-2.12219
45.25000,1700,-1.78006
45.26250,1700,-2.02444
45.27500,1700,-1.92669
45.28750,1700,-1.92669
45.30000,1700,-1.38905
45.31250,1700,-1.78006
45.32500,1700,-1.29130
45.33750,1700,-1.82894
45.35000,1700,-1.87781
45.36250,1700,-1.58456
45.37500,1700,-2.02444
45.38750,1700,-1.73118
45.40000,1700,-2.02444
45.41250,1700,-1.82894
45.42500,1700,-1.92669
45.43750,1700,-2.02444
45.45000,1700,-1.38905
45.46250,1700,-2.02444
45.47500,1700,-2.02444
45.48750,1700,-1.82894
45.50000,1700,-1.78006
45.51250,1700,-1.73118
45.52500,1700,-1.78006
45.53750,1700,-1.87781
45.55000,1700,-1.19355
45.56250,1700,-1.68231
45.57500,1700,-1.68231
45.58750,1700,-1.78006
45.60000,1700,-1.82894
45.61250,1700,-1.24243
45.62500,1700,-1.78006
45.63750,1700,-1.63343
45.65000,1700,-1.87781
45.66250,1700,-1.87781
45.67500,1700,-1.63343
45.68750,1700,-1.87781
45.70000,1700,-1.58456
45.71250,1700,-1.97556
45.72500,1700,-2.07331
45.73750,1700,-1.82894
45.75000,1700,-2.07331
45.76250,1700,-1.82894
45.77500,1700,-2.07331
45.78750,1700,-1.68231
45.80000,1700,-1.87781
45.81250,1700,-2.07331
45.82500,1700,-1.87781
45.83750,1700,-1.87781
45.85000,1700,-1.82894
45.86250,1700,-1.68231
45.87500,1700,-1.82894
45.88750,1700,-1.29130
45.90000,1700,-1.82894
45.91250,1700,-1.82894
45.92500,1700,-1.68231
45.93750,1700,-1.82894
45.95000,1700,-1.53568
45.96250,1700,-2.02444
45.97500,1700,-2.07331
45.98750,1700,-1.24243
46.00000,1700,-1.87781
