0.01250,1701,-0.00831
0.02500,1703,-0.05718
0.03750,1704,-0.00831
0.05000,1706,-0.00831
0.06250,1707,-0.00831
0.07500,1709,-0.00831
0.08750,1710,-0.00831
0.10000,1712,-0.00831
0.11250,1714,0.04057
0.12500,1715,-0.00831
0.13750,1717,0.04057
0.15000,1718,-0.30156
0.16250,1720,-0.35044
0.17500,1721,-0.25269
0.18750,1723,-0.20381
0.20000,1725,-0.10606
0.21250,1726,-0.15494
0.22500,1728,-0.15494
0.23750,1729,-0.10606
0.25000,1731,-0.15494
0.26250,1732,-0.05718
0.27500,1734,-0.05718
0.28750,1735,-0.39932
0.30000,1737,-0.30156
0.31250,1739,-0.59482
0.32500,1740,-0.49707
0.33751,1742,-1.32796
0.35000,1743,-1.71896
0.36250,1745,-1.62121
0.37500,1746,-2.54985
0.38750,1748,-2.01222
0.40000,1749,-2.94086
0.41250,1751,-3.33187
0.42500,1752,-3.23411
0.43750,1754,-2.84311
0.45000,1755,-2.50098
0.46251,1757,-2.94086
0.47500,1758,-2.35435
0.48750,1760,-2.89198
0.50001,1761,-3.42962
0.51250,1763,-2.59873
0.52500,1764,-3.18524
0.53750,1766,-3.18524
0.55000,1767,-3.28299
0.56250,1769,-3.08749
0.57500,1770,-3.38074
0.58750,1772,-3.47849
0.60000,1773,-2.30547
0.61250,1775,-3.33187
0.62500,1776,-3.23411
0.63750,1777,-3.33187
0.65000,1779,-3.67400
0.66250,1780,-3.52737
0.67500,1782,-2.54985
0.68750,1783,-3.47849
0.70000,1785,-3.28299
0.71250,1786,-3.57625
0.72500,1787,-3.42962
0.73750,1789,-3.47849
0.75000,1790,-3.82062
0.76250,1792,-3.62512
0.77500,1793,-3.82062
0.78750,1794,-3.96725
0.80000,1796,-3.86950
0.81250,1797,-3.82062
0.82500,1799,-3.91838
0.83750,1800,-3.96725
0.85000,1801,-3.96725
0.86250,1803,-3.91838
0.87500,1804,-3.96725
0.88750,1805,-3.86950
0.90000,1807,-4.01613
0.91250,1808,-4.06501
0.92500,1809,-4.06501
0.93750,1811,-4.06501
0.95000,1812,-3.77175
0.96251,1813,-3.77175
0.97500,1814,-3.96725
0.98750,1816,-3.82062
1.00000,1817,-3.42962
1.01250,1818,-3.91838
1.02500,1820,-4.26051
1.03751,1821,-3.91838
1.05000,1822,-3.86950
1.06250,1823,-4.01613
1.07500,1825,-3.47849
1.08750,1826,-4.30938
1.10001,1827,-4.11388
1.11250,1828,-4.21163
1.12500,1829,-4.06501
1.13750,1831,-4.35826
1.15000,1832,-4.21163
1.16250,1833,-4.26051
1.17500,1834,-3.28299
1.18750,1835,-4.50489
1.20000,1836,-4.11388
1.21250,1838,-4.30938
1.22500,1839,-3.08749
1.23750,1840,-4.50489
1.25000,1841,-4.26051
1.26250,1842,-3.57625
1.27500,1843,-3.67400
1.28750,1844,-4.65152
1.30001,1845,-4.45601
1.31250,1846,-4.40714
1.32500,1847,-4.01613
1.33750,1848,-4.45601
1.35000,1850,-4.50489
1.36250,1851,-4.50489
1.37500,1852,-4.21163
1.38750,1853,-3.77175
1.40000,1854,-4.70039
1.41250,1855,-4.79814
1.42500,1856,-4.35826
1.43750,1857,-4.26051
1.45000,1858,-4.65152
1.46250,1858,-3.82062
1.47500,1859,-4.74927
1.48750,1860,-4.84702
1.50000,1861,-4.84702
1.51250,1862,-3.67400
1.52500,1863,-3.72287
1.53750,1864,-4.60264
1.55000,1865,-4.55376
1.56250,1866,-3.77175
1.57500,1867,-4.79814
1.58750,1868,-5.09140
1.60000,1868,-4.74927
1.61250,1869,-4.60264
1.62500,1870,-3.52737
1.63750,1871,-4.11388
1.65000,1872,-4.50489
1.66251,1872,-4.74927
1.67500,1873,-4.60264
1.68751,1874,-4.06501
1.70000,1875,-4.55376
1.71250,1876,-4.70039
1.72500,1876,-4.70039
1.73750,1877,-4.40714
1.75000,1878,-4.55376
1.76250,1878,-3.67400
1.77500,1879,-3.91838
1.78750,1880,-4.45601
1.80000,1880,-3.23411
1.81250,1881,-4.84702
1.82500,1882,-4.60264
1.83750,1882,-4.70039
1.85000,1883,-4.30938
1.86250,1884,-4.65152
1.87500,1884,-3.57625
1.88750,1885,-3.28299
1.90000,1885,-3.47849
1.91250,1886,-5.04252
1.92500,1887,-3.57625
1.93750,1887,-4.65152
1.95000,1888,-4.21163
1.96250,1888,-2.40323
1.97500,1889,-3.67400
1.98750,1889,-3.38074
2.00000,1890,-4.70039
2.01250,1890,-5.14027
2.02501,1891,-3.67400
2.03751,1891,-4.89589
2.05000,1892,-3.72287
2.06250,1892,-3.77175
2.07500,1892,-4.60264
2.08750,1893,-4.74927
2.10000,1893,-3.86950
2.11250,1894,-4.70039
2.12500,1894,-3.86950
2.13750,1894,-3.96725
2.15000,1895,-3.52737
2.16250,1895,-4.26051
2.17500,1895,-4.11388
2.18750,1896,-4.70039
2.20000,1896,-4.70039
2.21250,1896,-3.82062
2.22500,1897,-3.57625
2.23750,1897,-3.72287
2.25000,1897,-3.91838
2.26250,1897,-4.70039
2.27500,1898,-3.42962
2.28750,1898,-3.67400
2.30000,1898,-4.70039
2.31250,1898,-3.42962
2.32500,1898,-4.26051
2.33750,1898,-4.70039
2.35000,1899,-4.35826
2.36250,1899,-4.06501
2.37500,1899,-4.45601
2.38751,1899,-3.77175
2.40000,1899,-4.74927
2.41250,1899,-4.11388
2.42500,1899,-4.60264
2.43750,1899,-4.65152
2.45000,1899,-3.77175
2.46250,1899,-4.60264
2.47500,1899,-4.45601
2.48750,1899,-3.38074
2.50000,1900,-4.40714
2.51250,1899,-4.35826
2.52500,1899,-4.74927
2.53750,1899,-4.65152
2.55000,1899,-4.74927
2.56250,1899,-3.72287
2.57500,1899,-3.67400
2.58750,1899,-3.57625
2.60000,1899,-3.47849
2.61250,1899,-4.45601
2.62500,1899,-3.72287
2.63750,1899,-3.77175
2.65000,1899,-3.96725
2.66250,1898,-3.96725
2.67500,1898,-3.08749
2.68750,1898,-3.62512
2.70000,1898,-3.42962
2.71250,1898,-4.35826
2.72500,1898,-4.60264
2.73750,1897,-4.60264
2.75000,1897,-4.74927
2.76250,1897,-4.26051
2.77500,1897,-4.45601
2.78750,1896,-3.47849
2.80000,1896,-4.06501
2.81250,1896,-4.70039
2.82500,1895,-4.45601
2.83750,1895,-4.50489
2.85000,1895,-4.74927
2.86250,1894,-4.60264
2.87500,1894,-3.82062
2.88750,1894,-4.35826
2.90000,1893,-4.45601
2.91250,1893,-2.98974
2.92500,1892,-4.84702
2.93750,1892,-2.84311
2.95000,1892,-4.26051
2.96250,1891,-3.28299
2.97500,1891,-4.70039
2.98750,1890,-4.45601
3.00000,1890,-4.60264
3.01250,1889,-4.30938
3.02500,1889,-2.98974
3.03750,1888,-4.79814
3.05000,1888,-4.45601
3.06250,1887,-3.33187
3.07500,1887,-4.35826
3.08750,1886,-4.21163
3.10000,1885,-3.52737
3.11250,1885,-4.60264
3.12500,1884,-4.50489
3.13750,1884,-3.13636
3.15000,1883,-4.26051
3.16250,1882,-4.45601
3.17500,1882,-3.77175
3.18750,1881,-4.74927
3.20000,1880,-4.26051
3.21250,1880,-3.96725
3.22500,1879,-4.40714
3.23750,1878,-3.08749
3.25000,1878,-3.08749
3.26250,1877,-4.40714
3.27500,1876,-4.40714
3.28750,1876,-4.35826
3.30000,1875,-3.67400
3.31250,1874,-3.18524
3.32500,1873,-4.26051
3.33750,1872,-4.16276
3.35000,1872,-4.26051
3.36250,1871,-4.35826
3.37500,1870,-2.59873
3.38750,1869,-2.69648
3.40000,1868,-3.82062
3.41250,1868,-4.11388
3.42500,1867,-4.16276
3.43750,1866,-4.45601
3.45001,1865,-4.40714
3.46250,1864,-4.55376
3.47500,1863,-3.91838
3.48750,1862,-4.01613
3.50000,1861,-4.01613
3.51251,1860,-4.06501
3.52500,1859,-4.11388
3.53750,1858,-4.26051
3.55000,1858,-3.91838
3.56250,1857,-4.01613
3.57500,1856,-4.01613
3.58750,1855,-3.82062
3.60000,1854,-3.77175
3.61250,1853,-2.89198
3.62500,1852,-3.42962
3.63750,1851,-2.89198
3.65000,1850,-2.94086
3.66250,1848,-3.13636
3.67500,1847,-3.72287
3.68750,1846,-3.08749
3.70000,1845,-3.86950
3.71250,1844,-3.47849
3.72500,1843,-4.06501
3.73750,1842,-3.23411
3.75000,1841,-4.01613
3.76250,1840,-4.30938
3.77500,1839,-3.82062
3.78750,1838,-3.57625
3.80000,1836,-2.50098
3.81250,1835,-2.59873
3.82500,1834,-3.67400
3.83750,1833,-3.72287
3.85000,1832,-3.42962
3.86250,1831,-3.62512
3.87500,1829,-3.28299
3.88750,1828,-3.77175
3.90000,1827,-3.38074
3.91250,1826,-3.82062
3.92500,1825,-4.01613
3.93750,1823,-3.91838
3.95000,1822,-3.86950
3.96250,1821,-3.86950
3.97500,1820,-3.77175
3.98750,1818,-3.77175
4.00000,1817,-3.77175
4.01250,1816,-3.72287
4.02500,1815,-3.82062
4.03750,1813,-3.82062
4.05000,1812,-3.77175
4.06250,1811,-3.72287
4.07500,1809,-3.86950
4.08750,1808,-3.52737
4.10000,1807,-3.52737
4.11250,1805,-3.62512
4.12500,1804,-3.38074
4.13750,1803,-3.33187
4.15000,1801,-3.38074
4.16250,1800,-3.23411
4.17500,1799,-3.28299
4.18750,1797,-3.42962
4.20000,1796,-3.47849
4.21250,1794,-3.33187
4.22500,1793,-3.23411
4.23750,1792,-2.89198
4.25000,1790,-3.38074
4.26250,1789,-3.13636
4.27500,1787,-2.79423
4.28750,1786,-3.47849
4.30000,1785,-3.38074
4.31250,1783,-2.94086
4.32500,1782,-2.50098
4.33750,1780,-3.28299
4.35000,1779,-2.94086
4.36250,1777,-3.03861
4.37500,1776,-3.03861
4.38750,1775,-3.18524
4.40000,1773,-2.84311
4.41250,1772,-2.94086
4.42500,1770,-2.98974
4.43750,1769,-2.94086
4.45000,1767,-2.89198
4.46250,1766,-2.20772
4.47500,1764,-2.89198
4.48750,1763,-2.89198
4.50001,1761,-2.79423
4.51250,1760,-2.94086
4.52500,1758,-3.08749
4.53750,1757,-3.13636
4.55000,1755,-2.64760
4.56250,1754,-2.69648
4.57500,1752,-2.64760
4.58750,1751,-2.79423
4.60000,1749,-2.84311
4.61250,1748,-2.45210
4.62500,1746,-2.01222
4.63750,1745,-2.74536
4.65000,1743,-2.59873
4.66250,1742,-2.69648
4.67500,1740,-2.25660
4.68750,1739,-2.35435
4.70000,1737,-1.86559
4.71250,1735,-2.20772
4.72500,1734,-2.15885
4.73750,1732,-2.50098
4.75000,1731,-2.35435
4.76250,1729,-2.45210
4.77500,1728,-2.10997
4.78751,1726,-2.20772
4.80000,1725,-2.25660
4.81250,1723,-2.40323
4.82500,1721,-2.30547
4.83750,1720,-2.45210
4.85000,1718,-2.35435
4.86251,1717,-2.35435
4.87500,1715,-2.10997
4.88750,1714,-2.20772
4.90000,1712,-1.52346
4.91250,1710,-2.10997
4.92500,1709,-2.15885
4.93750,1707,-1.86559
4.95000,1706,-1.96334
4.96250,1704,-2.20772
4.97500,1703,-1.86559
4.98750,1701,-1.96334
5.00000,1700,-1.42571
5.01250,1699,-1.76784
5.02500,1697,-1.76784
5.03750,1696,-2.06110
5.05000,1694,-1.76784
5.06250,1693,-1.86559
5.07500,1691,-1.67009
5.08750,1690,-1.57234
5.10000,1688,-1.37683
5.11250,1686,-1.76784
5.12501,1685,-1.67009
5.13750,1683,-1.71896
5.15000,1682,-1.62121
5.16250,1680,-1.57234
5.17500,1679,-1.67009
5.18750,1677,-1.67009
5.20000,1675,-1.23021
5.21250,1674,-1.32796
5.22501,1672,-1.42571
5.23751,1671,-1.32796
5.25000,1669,-1.47459
5.26250,1668,-1.08358
5.27500,1666,-1.32796
5.28750,1665,-1.13245
5.30000,1663,-1.42571
5.31250,1661,-1.37683
5.32501,1660,-1.13245
5.33750,1658,-0.79032
5.35000,1657,-0.98583
5.36250,1655,-1.08358
5.37500,1654,-1.08358
5.38750,1652,-0.83920
5.40001,1651,-1.03470
5.41250,1649,-0.98583
5.42500,1648,-1.18133
5.43750,1646,-0.69257
5.45000,1645,-0.98583
5.46250,1643,-0.69257
5.47500,1642,-0.98583
5.48750,1640,-0.83920
5.50000,1639,-0.64369
5.51250,1637,-0.98583
5.52500,1636,-0.98583
5.53750,1634,-1.03470
5.55000,1633,-0.83920
5.56250,1631,-0.64369
5.57500,1630,-0.69257
5.58750,1628,-0.88808
5.60000,1627,-0.74145
5.61250,1625,-0.74145
5.62500,1624,-0.64369
5.63750,1623,-0.79032
5.65000,1621,-0.64369
5.66250,1620,-0.59482
5.67500,1618,-0.59482
5.68750,1617,-0.54594
5.70000,1615,-0.59482
5.71250,1614,-0.49707
5.72501,1613,-0.49707
5.73750,1611,-0.59482
5.75000,1610,-0.54594
5.76250,1608,-0.49707
5.77500,1607,-0.49707
5.78750,1606,-0.44819
5.80000,1604,-0.44819
5.81250,1603,-0.59482
5.82500,1601,-0.59482
5.83751,1600,-0.74145
5.85000,1599,-0.35044
5.86250,1597,-0.44819
5.87500,1596,-0.44819
5.88750,1595,-0.49707
5.90000,1593,-0.39932
5.91250,1592,-0.44819
5.92500,1591,-0.39932
5.93750,1589,-0.59482
5.95000,1588,-0.25269
5.96250,1587,-0.25269
5.97500,1586,-0.20381
5.98750,1584,-0.25269
6.00000,1583,-0.20381
6.01250,1582,-0.25269
6.02501,1580,-0.25269
6.03750,1579,-0.25269
6.05000,1578,-0.35044
6.06250,1577,-0.25269
6.07500,1575,-0.20381
6.08750,1574,-0.15494
6.10000,1573,-0.15494
6.11250,1572,-0.15494
6.12501,1571,-0.15494
6.13750,1569,-0.25269
6.15000,1568,-0.15494
6.16250,1567,-0.20381
6.17500,1566,-0.15494
6.18750,1565,-0.15494
6.20000,1564,-0.15494
6.21250,1562,-0.10606
6.22501,1561,-0.05718
6.23750,1560,-0.10606
6.25000,1559,-0.10606
6.26250,1558,-0.10606
6.27500,1557,-0.05718
6.28750,1556,-0.05718
6.30000,1555,-0.05718
6.31250,1554,-0.10606
6.32501,1553,-0.15494
6.33750,1552,-0.05718
6.35000,1550,-0.05718
6.36250,1549,-0.10606
6.37500,1548,-0.05718
6.38750,1547,-0.05718
6.40000,1546,-0.10606
6.41250,1545,-0.00831
6.42500,1544,-0.05718
6.43750,1543,-0.05718
6.45000,1542,-0.00831
6.46250,1542,-0.00831
6.47500,1541,-0.10606
6.48750,1540,-0.00831
6.50000,1539,-0.05718
6.51250,1538,-0.00831
6.52500,1537,-0.05718
6.53750,1536,-0.00831
6.55000,1535,-0.05718
6.56250,1534,-0.05718
6.57500,1533,-0.05718
6.58750,1532,-0.00831
6.60000,1532,-0.05718
6.61250,1531,-0.00831
6.62500,1530,-0.00831
6.63750,1529,-0.00831
6.65000,1528,-0.00831
6.66250,1528,-0.00831
6.67500,1527,-0.00831
6.68750,1526,-0.00831
6.70000,1525,-0.00831
6.71251,1524,-0.05718
6.72500,1524,-0.05718
6.73750,1523,-0.00831
6.75000,1522,-0.00831
6.76250,1522,-0.00831
6.77500,1521,-0.05718
6.78750,1520,-0.00831
6.80000,1520,-0.00831
6.81250,1519,-0.00831
6.82500,1518,0.04057
6.83750,1518,-0.05718
6.85000,1517,-0.00831
6.86251,1516,-0.00831
6.87500,1516,-0.00831
6.88750,1515,-0.00831
6.90000,1515,0.04057
6.91250,1514,-0.00831
6.92500,1513,0.04057
6.93750,1513,0.04057
6.95000,1512,-0.00831
6.96250,1512,-0.00831
6.97500,1511,-0.00831
6.98750,1511,-0.00831
7.00000,1510,-0.00831
7.01250,1510,-0.10606
7.02500,1509,-0.10606
7.03750,1509,-0.10606
7.05000,1508,-0.05718
7.06250,1508,-0.05718
7.07500,1508,-0.05718
7.08750,1507,-0.00831
7.10000,1507,-0.05718
7.11250,1506,-0.05718
7.12500,1506,-0.05718
7.13751,1506,-0.00831
7.15000,1505,-0.05718
7.16250,1505,-0.05718
7.17501,1505,-0.00831
7.18750,1504,-0.10606
7.20000,1504,-0.05718
7.21250,1504,-0.05718
7.22500,1503,-0.05718
7.23750,1503,-0.05718
7.25000,1503,-0.05718
7.26250,1503,-0.05718
7.27500,1502,-0.05718
7.28750,1502,-0.05718
7.30000,1502,-0.00831
7.31250,1502,-0.00831
7.32500,1502,-0.05718
7.33750,1502,-0.05718
7.35000,1501,-0.05718
7.36250,1501,-0.00831
7.37500,1501,-0.05718
7.38750,1501,-0.00831
7.40000,1501,-0.05718
7.41250,1501,-0.00831
7.42500,1501,-0.05718
7.43750,1501,-0.00831
7.45000,1501,-0.00831
7.46250,1501,-0.00831
7.47500,1501,-0.05718
7.48750,1501,-0.05718
7.50000,1500,-0.05718
7.51250,1501,-0.00831
7.52500,1501,-0.00831
7.53750,1501,-0.05718
7.55000,1501,-0.05718
7.56250,1501,-0.00831
7.57500,1501,-0.00831
7.58750,1501,-0.00831
7.60000,1501,-0.00831
7.61250,1501,-0.00831
7.62500,1501,-0.00831
7.63750,1501,-0.05718
7.65000,1501,-0.00831
7.66250,1502,-0.00831
7.67500,1502,-0.00831
7.68750,1502,-0.00831
7.70000,1502,0.04057
7.71250,1502,-0.00831
7.72500,1502,-0.00831
7.73750,1503,0.04057
7.75000,1503,-0.00831
7.76250,1503,-0.00831
7.77500,1503,0.04057
7.78750,1504,-0.00831
7.80000,1504,-0.00831
7.81250,1504,0.04057
7.82500,1505,0.04057
7.83750,1505,0.04057
7.85000,1505,-0.00831
7.86250,1506,-0.00831
7.87500,1506,-0.00831
7.88750,1506,-0.00831
7.90000,1507,-0.00831
7.91250,1507,-0.00831
7.92500,1508,-0.00831
7.93750,1508,-0.05718
7.95000,1508,-0.00831
7.96250,1509,-0.00831
7.97500,1509,-0.00831
7.98751,1510,0.04057
8.00000,1510,-0.00831
8.01250,1511,-0.00831
8.02500,1511,-0.00831
8.03750,1512,-0.00831
8.05000,1512,0.04057
8.06250,1513,-0.00831
8.07500,1513,0.04057
8.08750,1514,-0.00831
8.10000,1515,-0.00831
8.11250,1515,-0.00831
8.12500,1516,-0.00831
8.13750,1516,0.04057
8.15000,1517,-0.00831
8.16250,1518,-0.00831
8.17500,1518,-0.00831
8.18750,1519,-0.00831
8.20000,1520,-0.00831
8.21250,1520,-0.00831
8.22500,1521,-0.00831
8.23750,1522,-0.00831
8.25000,1522,-0.05718
8.26250,1523,-0.05718
8.27500,1524,-0.00831
8.28750,1524,-0.00831
8.30000,1525,-0.05718
8.31250,1526,0.04057
8.32500,1527,-0.00831
8.33750,1528,-0.05718
8.35000,1528,-0.00831
8.36250,1529,-0.05718
8.37500,1530,-0.05718
8.38750,1531,-0.05718
8.40000,1532,-0.05718
8.41250,1532,-0.05718
8.42501,1533,-0.10606
8.43750,1534,-0.00831
8.45000,1535,-0.05718
8.46250,1536,-0.00831
8.47500,1537,-0.05718
8.48750,1538,-0.05718
8.50000,1539,-0.00831
8.51250,1540,-0.05718
8.52500,1541,-0.05718
8.53750,1542,-0.05718
8.55000,1542,-0.05718
8.56250,1543,-0.05718
8.57500,1544,-0.05718
8.58750,1545,-0.10606
8.60000,1546,-0.05718
8.61250,1547,-0.10606
8.62501,1548,-0.05718
8.63750,1549,-0.15494
8.65000,1550,-0.05718
8.66250,1552,-0.10606
8.67500,1553,-0.10606
8.68750,1554,-0.10606
8.70000,1555,-0.10606
8.71250,1556,-0.15494
8.72500,1557,-0.20381
8.73750,1558,-0.15494
8.75000,1559,-0.15494
8.76250,1560,-0.10606
8.77500,1561,-0.15494
8.78750,1562,-0.15494
8.80000,1564,-0.15494
8.81251,1565,-0.15494
8.82500,1566,-0.15494
8.83750,1567,-0.10606
8.85000,1568,-0.15494
8.86250,1569,-0.10606
8.87500,1571,-0.25269
8.88750,1572,-0.20381
8.90000,1573,-0.15494
8.91250,1574,-0.35044
8.92500,1575,-0.20381
8.93750,1577,-0.15494
8.95000,1578,-0.25269
8.96250,1579,-0.20381
8.97500,1580,-0.25269
8.98750,1582,-0.20381
9.00000,1583,-0.35044
9.01250,1584,-0.35044
9.02500,1585,-0.15494
9.03750,1587,-0.25269
9.05000,1588,-0.39932
9.06250,1589,-0.25269
9.07500,1591,-0.35044
9.08750,1592,-0.30156
9.10000,1593,-0.30156
9.11250,1595,-0.39932
9.12500,1596,-0.44819
9.13750,1597,-0.44819
9.15000,1599,-0.25269
9.16250,1600,-0.44819
9.17500,1601,-0.54594
9.18750,1603,-0.44819
9.20000,1604,-0.39932
9.21250,1606,-0.44819
9.22500,1607,-0.49707
9.23750,1608,-0.49707
9.25000,1610,-0.35044
9.26250,1611,-0.59482
9.27500,1613,-0.59482
9.28750,1614,-0.49707
9.30000,1615,-0.49707
9.31251,1617,-0.59482
9.32500,1618,-0.44819
9.33750,1620,-0.54594
9.35000,1621,-0.59482
9.36250,1623,-0.54594
9.37501,1624,-0.54594
9.38750,1625,-0.74145
9.40000,1627,-0.74145
9.41250,1628,-0.69257
9.42500,1630,-0.59482
9.43750,1631,-0.79032
9.45000,1633,-0.79032
9.46250,1634,-0.64369
9.47500,1636,-0.79032
9.48750,1637,-0.98583
9.50000,1639,-0.88808
9.51250,1640,-0.93695
9.52500,1642,-0.93695
9.53750,1643,-1.03470
9.55000,1645,-0.93695
9.56250,1646,-1.08358
9.57500,1648,-0.69257
9.58750,1649,-1.13245
9.60000,1651,-0.88808
9.61250,1652,-1.18133
9.62500,1654,-0.98583
9.63750,1655,-1.13245
9.65000,1657,-1.13245
9.66250,1658,-1.18133
9.67500,1660,-1.23021
9.68750,1661,-1.37683
9.70000,1663,-1.13245
9.71250,1665,-1.27908
9.72500,1666,-1.32796
9.73750,1668,-1.37683
9.75001,1669,-1.57234
9.76250,1671,-1.23021
9.77500,1672,-1.52346
9.78750,1674,-1.42571
9.80000,1675,-1.47459
9.81250,1677,-1.32796
9.82500,1679,-1.62121
9.83750,1680,-1.37683
9.85000,1682,-1.67009
9.86250,1683,-1.67009
9.87500,1685,-1.91447
9.88750,1686,-1.91447
9.90000,1688,-1.67009
9.91251,1690,-1.57234
9.92500,1691,-1.32796
9.93750,1693,-1.67009
9.95000,1694,-1.96334
9.96250,1696,-2.06110
9.97500,1697,-2.10997
9.98750,1699,-1.81672
10.00000,1700,-1.96334
10.01251,1701,-2.15885
10.02500,1703,-2.20772
10.03750,1704,-1.67009
10.05000,1706,-2.15885
10.06250,1707,-2.10997
10.07500,1709,-2.20772
10.08750,1710,-2.20772
10.10000,1712,-2.40323
10.11250,1714,-1.52346
10.12500,1715,-2.20772
10.13750,1717,-2.45210
10.15000,1718,-2.20772
10.16250,1720,-2.45210
10.17500,1721,-2.50098
10.18750,1723,-2.54985
10.20000,1725,-1.71896
10.21250,1726,-2.50098
10.22500,1728,-2.45210
10.23750,1729,-2.50098
10.25000,1731,-2.74536
10.26250,1732,-2.74536
10.27500,1734,-2.59873
10.28752,1735,-2.45210
10.30000,1737,-2.25660
10.31250,1739,-2.50098
10.32500,1740,-2.35435
10.33750,1742,-2.94086
10.35000,1743,-2.79423
10.36250,1745,-2.89198
10.37501,1746,-2.64760
10.38750,1748,-2.54985
10.40000,1749,-2.74536
10.41250,1751,-2.15885
10.42500,1752,-2.84311
10.43750,1754,-2.79423
10.45000,1755,-2.69648
10.46250,1757,-2.94086
10.47500,1758,-2.98974
10.48750,1760,-3.08749
10.50000,1761,-2.84311
10.51250,1763,-2.40323
10.52500,1764,-3.03861
10.53750,1766,-2.89198
10.55000,1767,-3.03861
10.56250,1769,-2.89198
10.57500,1770,-2.45210
10.58750,1772,-3.18524
10.60000,1773,-3.08749
10.61250,1775,-3.33187
10.62500,1776,-3.23411
10.63750,1777,-2.50098
10.65000,1779,-3.38074
10.66250,1780,-3.13636
10.67500,1782,-3.52737
10.68750,1783,-3.23411
10.70000,1785,-3.57625
10.71250,1786,-3.13636
10.72500,1787,-3.52737
10.73750,1789,-3.18524
10.75000,1790,-3.62512
10.76250,1792,-2.64760
10.77500,1793,-3.52737
10.78750,1794,-3.38074
10.80000,1796,-3.42962
10.81250,1797,-3.62512
10.82500,1799,-3.42962
10.83750,1800,-3.52737
10.85000,1801,-2.84311
10.86250,1803,-3.38074
10.87500,1804,-3.82062
10.88750,1805,-3.52737
10.90001,1807,-3.72287
10.91250,1808,-2.79423
10.92500,1809,-3.52737
10.93750,1811,-3.96725
10.95001,1812,-3.62512
10.96250,1813,-3.86950
10.97500,1814,-3.52737
10.98750,1816,-3.72287
11.00000,1817,-3.82062
11.01250,1818,-3.33187
11.02500,1820,-3.62512
11.03750,1821,-3.96725
11.05000,1822,-3.77175
11.06250,1823,-3.77175
11.07500,1825,-3.42962
11.08751,1826,-3.72287
11.10000,1827,-4.21163
11.11250,1828,-3.72287
11.12500,1829,-4.16276
11.13750,1831,-2.94086
11.15000,1832,-4.06501
11.16250,1833,-3.33187
11.17500,1834,-3.18524
11.18750,1835,-3.77175
11.20000,1836,-3.13636
11.21250,1838,-3.77175
11.22500,1839,-3.52737
11.23750,1840,-4.26051
11.25000,1841,-3.67400
11.26251,1842,-4.16276
11.27500,1843,-4.06501
11.28750,1844,-4.11388
11.30000,1845,-4.01613
11.31250,1846,-3.03861
11.32500,1847,-2.69648
11.33750,1848,-3.33187
11.35000,1850,-3.52737
11.36250,1851,-3.91838
11.37500,1852,-3.47849
11.38750,1853,-3.86950
11.40000,1854,-4.30938
11.41250,1855,-4.01613
11.42500,1856,-4.21163
11.43750,1857,-3.86950
11.45000,1858,-4.35826
11.46250,1858,-3.96725
11.47500,1859,-4.21163
11.48750,1860,-4.01613
11.50000,1861,-3.08749
11.51250,1862,-4.06501
11.52500,1863,-4.06501
11.53751,1864,-3.62512
11.55000,1865,-4.06501
11.56250,1866,-2.98974
11.57500,1867,-4.06501
11.58750,1868,-3.33187
11.60000,1868,-4.06501
11.61250,1869,-4.60264
11.62501,1870,-4.16276
11.63750,1871,-4.55376
11.65000,1872,-4.01613
11.66250,1872,-4.21163
11.67500,1873,-3.62512
11.68750,1874,-3.13636
11.70000,1875,-4.50489
11.71250,1876,-4.30938
11.72500,1876,-4.21163
11.73750,1877,-3.38074
11.75000,1878,-3.96725
11.76250,1878,-4.50489
11.77500,1879,-4.30938
11.78750,1880,-4.40714
11.80000,1880,-2.94086
11.81250,1881,-4.16276
11.82501,1882,-2.98974
11.83750,1882,-3.67400
11.85000,1883,-3.28299
11.86250,1884,-3.08749
11.87500,1884,-4.65152
11.88750,1885,-4.30938
11.90000,1885,-4.70039
11.91250,1886,-4.06501
11.92500,1887,-4.45601
11.93750,1887,-4.06501
11.95000,1888,-4.06501
11.96250,1888,-2.98974
11.97500,1889,-3.38074
11.98750,1889,-4.30938
12.00000,1890,-3.38074
12.01250,1890,-4.11388
12.02500,1891,-4.30938
12.03750,1891,-4.65152
12.05000,1892,-3.82062
12.06250,1892,-3.77175
12.07500,1892,-2.89198
12.08750,1893,-4.21163
12.10000,1893,-2.79423
12.11250,1894,-2.89198
12.12500,1894,-4.26051
12.13750,1894,-2.54985
12.15000,1895,-3.96725
12.16250,1895,-4.30938
12.17500,1895,-4.11388
12.18750,1896,-4.50489
12.20000,1896,-4.21163
12.21250,1896,-2.94086
12.22500,1897,-4.65152
12.23750,1897,-3.28299
12.25000,1897,-4.30938
12.26250,1897,-4.11388
12.27500,1898,-3.91838
12.28750,1898,-4.35826
12.30000,1898,-4.30938
12.31250,1898,-3.86950
12.32500,1898,-2.64760
12.33750,1898,-4.30938
12.35000,1899,-3.62512
12.36250,1899,-4.21163
12.37500,1899,-4.50489
12.38750,1899,-4.26051
12.40000,1899,-4.16276
12.41250,1899,-3.42962
12.42500,1899,-3.82062
12.43750,1899,-3.82062
12.45000,1899,-4.26051
12.46250,1899,-2.84311
12.47500,1899,-3.52737
12.48750,1899,-4.06501
12.50000,1899,-2.74536
12.51250,1899,-4.26051
12.52500,1899,-4.30938
12.53750,1899,-4.30938
12.55000,1899,-3.67400
12.56250,1899,-4.16276
12.57500,1899,-3.91838
12.58750,1899,-4.21163
12.60000,1899,-3.91838
12.61250,1899,-4.40714
12.62500,1899,-4.30938
12.63750,1899,-4.11388
12.65000,1899,-4.01613
12.66250,1898,-2.98974
12.67500,1898,-4.06501
12.68750,1898,-4.35826
12.70000,1898,-3.52737
12.71251,1898,-2.89198
12.72500,1898,-3.52737
12.73750,1897,-4.26051
12.75000,1897,-4.11388
12.76250,1897,-4.40714
12.77500,1897,-4.11388
12.78750,1896,-4.06501
12.80000,1896,-3.33187
12.81251,1896,-4.06501
12.82500,1895,-4.26051
12.83750,1895,-4.40714
12.85000,1895,-2.74536
12.86250,1894,-4.55376
12.87501,1894,-3.72287
12.88750,1894,-4.16276
12.90000,1893,-3.77175
12.91250,1893,-4.21163
12.92500,1892,-3.72287
12.93750,1892,-3.77175
12.95000,1892,-4.16276
12.96250,1891,-4.16276
12.97500,1891,-3.57625
12.98750,1890,-4.30938
13.00000,1890,-3.38074
13.01250,1889,-2.84311
13.02500,1889,-3.82062
13.03750,1888,-4.30938
13.05000,1888,-3.52737
13.06250,1887,-3.08749
13.07500,1887,-3.72287
13.08750,1886,-3.82062
13.10000,1885,-4.06501
13.11250,1885,-3.38074
13.12500,1884,-4.16276
13.13750,1884,-2.64760
13.15000,1883,-4.35826
13.16251,1882,-4.06501
13.17500,1882,-4.21163
13.18750,1881,-2.98974
13.20000,1880,-3.67400
13.21250,1880,-3.38074
13.22500,1879,-2.84311
13.23750,1878,-3.52737
13.25000,1878,-3.13636
13.26250,1877,-2.59873
13.27500,1876,-2.98974
13.28750,1876,-2.59873
13.30000,1875,-4.45601
13.31250,1874,-3.57625
13.32500,1873,-2.89198
13.33750,1872,-3.96725
13.35000,1872,-4.01613
13.36250,1871,-3.91838
13.37500,1870,-3.42962
13.38750,1869,-4.26051
13.40000,1868,-4.26051
13.41250,1868,-3.77175
13.42501,1867,-2.69648
13.43750,1866,-4.06501
13.45000,1865,-3.82062
13.46250,1864,-2.84311
13.47500,1863,-3.91838
13.48750,1862,-3.91838
13.50000,1861,-3.96725
13.51250,1860,-3.57625
13.52500,1859,-3.03861
13.53750,1858,-3.08749
13.55000,1858,-3.82062
13.56250,1857,-3.38074
13.57500,1856,-2.84311
13.58750,1855,-2.79423
13.60000,1854,-3.86950
13.61250,1853,-2.74536
13.62500,1852,-3.77175
13.63750,1851,-3.13636
13.65000,1850,-3.67400
13.66250,1848,-2.79423
13.67500,1847,-3.82062
13.68750,1846,-3.67400
13.70000,1845,-3.67400
13.71250,1844,-2.74536
13.72500,1843,-3.67400
13.73750,1842,-3.62512
13.75000,1841,-2.45210
13.76250,1840,-2.84311
13.77500,1839,-2.64760
13.78750,1838,-2.59873
13.80000,1836,-3.72287
13.81250,1835,-3.52737
13.82500,1834,-3.82062
13.83750,1833,-3.67400
13.85001,1832,-2.84311
13.86250,1831,-3.38074
13.87500,1829,-2.79423
13.88750,1828,-3.08749
13.90000,1827,-2.59873
13.91250,1826,-3.18524
13.92500,1825,-3.57625
13.93750,1823,-3.38074
13.95000,1822,-3.38074
13.96250,1821,-3.28299
13.97500,1820,-3.38074
13.98750,1818,-2.98974
14.00000,1817,-3.57625
14.01250,1816,-3.42962
14.02500,1815,-2.98974
14.03750,1813,-3.28299
14.05000,1812,-3.38074
14.06250,1811,-3.33187
14.07500,1809,-3.47849
14.08750,1808,-3.38074
14.10000,1807,-3.23411
14.11250,1805,-3.28299
14.12500,1804,-3.13636
14.13750,1803,-2.79423
14.15000,1801,-3.47849
14.16250,1800,-3.23411
14.17500,1799,-3.18524
14.18750,1797,-3.08749
14.20000,1796,-2.54985
14.21250,1794,-3.42962
14.22500,1793,-3.13636
14.23750,1792,-3.13636
14.25000,1790,-2.98974
14.26250,1789,-2.98974
14.27500,1787,-3.13636
14.28750,1786,-2.98974
14.30000,1785,-2.98974
14.31250,1783,-3.08749
14.32500,1782,-2.45210
14.33750,1780,-2.89198
14.35000,1779,-3.03861
14.36250,1777,-2.89198
14.37500,1776,-2.74536
14.38750,1775,-3.08749
14.40000,1773,-3.03861
14.41251,1772,-2.84311
14.42501,1770,-2.74536
14.43750,1769,-2.94086
14.45000,1767,-2.84311
14.46250,1766,-2.98974
14.47501,1764,-2.25660
14.48750,1763,-2.74536
14.50000,1761,-2.64760
14.51250,1760,-2.74536
14.52501,1758,-2.64760
14.53750,1757,-2.74536
14.55000,1755,-2.54985
14.56250,1754,-2.69648
14.57500,1752,-2.69648
14.58750,1751,-2.64760
14.60000,1749,-2.50098
14.61250,1748,-2.59873
14.62500,1746,-2.15885
14.63750,1745,-2.54985
14.65000,1743,-2.40323
14.66250,1742,-2.54985
14.67500,1740,-2.10997
14.68750,1739,-2.45210
14.70000,1737,-2.45210
14.71250,1735,-2.50098
14.72500,1734,-2.25660
14.73750,1732,-2.35435
14.75000,1731,-2.35435
14.76250,1729,-2.01222
14.77500,1728,-2.20772
14.78750,1726,-2.54985
14.80001,1725,-2.10997
14.81250,1723,-2.10997
14.82500,1721,-2.40323
14.83751,1720,-2.20772
14.85000,1718,-2.40323
14.86250,1717,-1.76784
14.87500,1715,-2.10997
14.88750,1714,-1.57234
14.90000,1712,-2.15885
14.91250,1710,-2.01222
14.92500,1709,-2.25660
14.93750,1707,-2.06110
14.95000,1706,-2.10997
14.96250,1704,-1.96334
14.97500,1703,-2.10997
14.98750,1701,-1.86559
15.00001,1700,-1.91447
15.01250,1699,-1.81672
15.02500,1697,-1.42571
15.03750,1696,-1.52346
15.05000,1694,-1.52346
15.06250,1693,-1.32796
15.07500,1691,-1.67009
15.08750,1690,-1.71896
15.10000,1688,-1.67009
15.11250,1686,-1.71896
15.12500,1685,-1.71896
15.13750,1683,-1.47459
15.15000,1682,-1.67009
15.16250,1680,-1.86559
15.17500,1679,-1.67009
15.18750,1677,-1.52346
15.20000,1675,-1.67009
15.21250,1674,-1.08358
15.22500,1672,-1.52346
15.23750,1671,-1.47459
15.25000,1669,-1.52346
15.26250,1668,-1.37683
15.27500,1666,-1.37683
15.28750,1665,-1.08358
15.30000,1663,-1.37683
15.31250,1661,-1.37683
15.32500,1660,-1.23021
15.33750,1658,-1.42571
15.35000,1657,-1.13245
15.36250,1655,-1.18133
15.37500,1654,-1.23021
15.38750,1652,-0.88808
15.40000,1651,-1.13245
15.41250,1649,-1.03470
15.42500,1648,-0.69257
15.43750,1646,-0.98583
15.45000,1645,-0.79032
15.46250,1643,-0.93695
15.47500,1642,-0.98583
15.48750,1640,-0.83920
15.50000,1639,-0.93695
15.51250,1637,-0.79032
15.52500,1636,-0.79032
15.53750,1634,-0.79032
15.55000,1633,-0.64369
15.56250,1631,-0.74145
15.57500,1630,-0.79032
15.58750,1628,-0.79032
15.60000,1627,-0.69257
15.61250,1625,-0.59482
15.62500,1624,-0.74145
15.63750,1623,-0.64369
15.65000,1621,-0.64369
15.66250,1620,-0.54594
15.67500,1618,-0.64369
15.68750,1617,-0.64369
15.70000,1615,-0.59482
15.71250,1614,-0.59482
15.72500,1613,-0.59482
15.73750,1611,-0.54594
15.75000,1610,-0.44819
15.76250,1608,-0.54594
15.77500,1607,-0.49707
15.78750,1606,-0.54594
15.80000,1604,-0.39932
15.81250,1603,-0.54594
15.82500,1601,-0.49707
15.83750,1600,-0.39932
15.85000,1599,-0.30156
15.86250,1597,-0.39932
15.87500,1596,-0.54594
15.88750,1595,-0.39932
15.90000,1593,-0.35044
15.91250,1592,-0.44819
15.92500,1591,-0.39932
15.93750,1589,-0.35044
15.95000,1588,-0.35044
15.96250,1587,-0.25269
15.97500,1586,-0.20381
15.98750,1584,-0.30156
16.00000,1583,-0.20381
16.01251,1582,-0.20381
16.02500,1580,-0.30156
16.03750,1579,-0.15494
16.05000,1578,-0.20381
16.06250,1577,-0.15494
16.07500,1575,-0.15494
16.08750,1574,-0.15494
16.10000,1573,-0.10606
16.11250,1572,-0.10606
16.12500,1571,-0.10606
16.13751,1569,-0.05718
16.15000,1568,-0.05718
16.16250,1567,-0.15494
16.17500,1566,-0.10606
16.18750,1565,-0.15494
16.20000,1564,-0.10606
16.21250,1562,-0.15494
16.22500,1561,-0.20381
16.23750,1560,-0.05718
16.25000,1559,-0.05718
16.26251,1558,-0.10606
16.27500,1557,-0.00831
16.28750,1556,-0.05718
16.30000,1555,-0.15494
16.31250,1554,-0.10606
16.32500,1553,-0.00831
16.33750,1552,-0.10606
16.35000,1550,-0.05718
16.36250,1549,-0.05718
16.37500,1548,-0.00831
16.38751,1547,0.04057
16.40000,1546,-0.05718
16.41250,1545,-0.00831
16.42500,1544,-0.05718
16.43750,1543,-0.00831
16.45001,1542,-0.05718
16.46250,1542,-0.05718
16.47500,1541,-0.00831
16.48750,1540,-0.05718
16.50000,1539,-0.00831
16.51250,1538,-0.05718
16.52500,1537,-0.00831
16.53750,1536,-0.00831
16.55000,1535,-0.05718
16.56250,1534,-0.00831
16.57501,1533,-0.00831
16.58750,1532,-0.00831
16.60000,1532,-0.00831
16.61250,1531,-0.00831
16.62500,1530,-0.00831
16.63750,1529,-0.00831
16.65000,1528,-0.00831
16.66250,1528,-0.00831
16.67500,1527,-0.00831
16.68750,1526,-0.00831
16.70001,1525,0.04057
16.71250,1524,-0.00831
16.72500,1524,-0.00831
16.73750,1523,-0.00831
16.75000,1522,-0.00831
16.76250,1522,-0.00831
16.77500,1521,-0.00831
16.78750,1520,-0.00831
16.80000,1520,-0.00831
16.81250,1519,0.04057
16.82500,1518,-0.00831
16.83750,1518,-0.00831
16.85000,1517,-0.00831
16.86250,1516,0.04057
16.87500,1516,-0.00831
16.88750,1515,0.04057
16.90000,1515,-0.00831
16.91250,1514,0.04057
16.92500,1513,-0.00831
16.93750,1513,-0.00831
16.95000,1512,0.04057
16.96250,1512,-0.00831
16.97500,1511,-0.00831
16.98750,1511,-0.00831
17.00000,1510,-0.00831
17.01250,1510,-0.10606
17.02500,1509,-0.15494
17.03750,1509,-0.10606
17.05001,1508,-0.05718
17.06250,1508,-0.05718
17.07500,1508,-0.05718
17.08750,1507,-0.05718
17.10000,1507,-0.05718
17.11250,1506,-0.00831
17.12500,1506,-0.05718
17.13750,1506,-0.00831
17.15000,1505,-0.00831
17.16250,1505,-0.05718
17.17500,1505,-0.05718
17.18750,1504,-0.05718
17.20001,1504,-0.05718
17.21250,1504,-0.00831
17.22500,1503,-0.05718
17.23750,1503,-0.05718
17.25000,1503,-0.00831
17.26250,1503,-0.05718
17.27500,1502,-0.00831
17.28750,1502,-0.00831
17.30000,1502,-0.00831
17.31250,1502,-0.00831
17.32500,1502,0.04057
17.33750,1502,-0.05718
17.35000,1501,-0.05718
17.36250,1501,-0.05718
17.37500,1501,-0.00831
17.38751,1501,-0.05718
17.40000,1501,-0.05718
17.41250,1501,-0.05718
17.42500,1501,-0.05718
17.43750,1501,-0.00831
17.45000,1501,-0.00831
17.46250,1501,-0.05718
17.47500,1501,-0.00831
17.48750,1501,-0.05718
17.50000,1501,-0.00831
17.51251,1501,-0.05718
17.52500,1501,-0.00831
17.53751,1501,-0.00831
17.55000,1501,-0.00831
17.56250,1501,-0.00831
17.57500,1501,-0.00831
17.58750,1501,-0.05718
17.60000,1501,-0.05718
17.61250,1501,-0.00831
17.62500,1501,-0.00831
17.63751,1501,-0.00831
17.65000,1501,0.04057
17.66250,1502,-0.00831
17.67500,1502,-0.00831
17.68750,1502,-0.00831
17.70001,1502,-0.00831
17.71250,1502,-0.00831
17.72500,1502,-0.00831
17.73750,1503,-0.00831
17.75000,1503,0.04057
17.76250,1503,-0.00831
17.77500,1503,-0.00831
17.78750,1504,0.04057
17.80000,1504,-0.00831
17.81250,1504,0.04057
17.82500,1505,0.04057
17.83750,1505,-0.00831
17.85000,1505,-0.00831
17.86250,1506,-0.00831
17.87500,1506,-0.00831
17.88751,1506,-0.00831
17.90000,1507,-0.00831
17.91250,1507,-0.05718
17.92500,1508,-0.00831
17.93750,1508,0.04057
17.95000,1508,-0.00831
17.96250,1509,0.04057
17.97500,1509,0.04057
17.98750,1510,-0.00831
18.00000,1510,-0.00831
18.01250,1511,-0.00831
18.02500,1511,0.04057
18.03750,1512,-0.00831
18.05000,1512,0.04057
18.06250,1513,-0.00831
18.07500,1513,0.04057
18.08750,1514,-0.00831
18.10000,1515,-0.00831
18.11250,1515,-0.00831
18.12500,1516,0.04057
18.13750,1516,-0.00831
18.15000,1517,-0.00831
18.16250,1518,-0.00831
18.17500,1518,-0.00831
18.18751,1519,-0.00831
18.20001,1520,0.04057
18.21250,1520,-0.00831
18.22500,1521,-0.00831
18.23750,1522,-0.00831
18.25000,1522,-0.00831
18.26251,1523,-0.05718
18.27500,1524,-0.05718
18.28750,1524,-0.00831
18.30000,1525,-0.05718
18.31250,1526,-0.00831
18.32501,1527,-0.00831
18.33750,1528,-0.00831
18.35000,1528,-0.10606
18.36250,1529,-0.05718
18.37500,1530,-0.00831
18.38751,1531,-0.05718
18.40000,1532,-0.05718
18.41250,1532,-0.05718
18.42500,1533,-0.05718
18.43750,1534,-0.05718
18.45001,1535,-0.00831
18.46250,1536,-0.05718
18.47500,1537,-0.05718
18.48750,1538,-0.00831
18.50000,1539,-0.00831
18.51251,1540,-0.05718
18.52500,1541,-0.00831
18.53750,1542,-0.05718
18.55000,1542,-0.05718
18.56251,1543,-0.05718
18.57501,1544,-0.05718
18.58750,1545,-0.05718
18.60000,1546,-0.05718
18.61250,1547,-0.05718
18.62500,1548,-0.05718
18.63750,1549,-0.10606
18.65000,1550,-0.05718
18.66251,1552,-0.05718
18.67500,1553,-0.15494
18.68750,1554,-0.05718
18.70000,1555,-0.05718
18.71250,1556,-0.05718
18.72500,1557,-0.05718
18.73750,1558,-0.10606
18.75000,1559,-0.15494
18.76251,1560,-0.15494
18.77500,1561,-0.10606
18.78750,1562,-0.10606
18.80000,1564,-0.15494
18.81250,1565,-0.10606
18.82500,1566,-0.10606
18.83750,1567,-0.15494
18.85001,1568,-0.15494
18.86250,1569,-0.15494
18.87500,1571,-0.15494
18.88750,1572,-0.10606
18.90000,1573,-0.25269
18.91250,1574,-0.20381
18.92500,1575,-0.15494
18.93750,1577,-0.30156
18.95001,1578,-0.20381
18.96250,1579,-0.15494
18.97500,1580,-0.15494
18.98750,1582,-0.20381
19.00000,1583,-0.20381
19.01250,1584,-0.35044
19.02500,1585,-0.20381
19.03750,1587,-0.25269
19.05000,1588,-0.39932
19.06250,1589,-0.39932
19.07500,1591,-0.25269
19.08750,1592,-0.30156
19.10000,1593,-0.30156
19.11250,1595,-0.30156
19.12500,1596,-0.30156
19.13750,1597,-0.39932
19.15001,1599,-0.44819
19.16250,1600,-0.39932
19.17500,1601,-0.39932
19.18751,1603,-0.44819
19.20000,1604,-0.39932
19.21250,1606,-0.44819
19.22500,1607,-0.49707
19.23750,1608,-0.54594
19.25000,1610,-0.49707
19.26251,1611,-0.49707
19.27501,1613,-0.49707
19.28750,1614,-0.69257
19.30000,1615,-0.49707
19.31250,1617,-0.69257
19.32501,1618,-0.54594
19.33750,1620,-0.69257
19.35000,1621,-0.74145
19.36250,1623,-0.74145
19.37500,1624,-0.83920
19.38751,1625,-0.79032
19.40000,1627,-0.74145
19.41250,1628,-0.59482
19.42500,1630,-0.88808
19.43750,1631,-0.79032
19.45001,1633,-0.88808
19.46250,1634,-0.69257
19.47500,1636,-0.93695
19.48750,1637,-0.88808
19.50000,1639,-1.03470
19.51250,1640,-1.13245
19.52500,1642,-1.13245
19.53750,1643,-1.18133
19.55000,1645,-1.18133
19.56250,1646,-0.98583
19.57500,1648,-0.93695
19.58750,1649,-1.08358
19.60000,1651,-0.79032
19.61250,1652,-1.18133
19.62500,1654,-1.18133
19.63750,1655,-1.13245
19.65000,1657,-1.27908
19.66250,1658,-1.27908
19.67500,1660,-1.37683
19.68752,1661,-1.27908
19.70000,1663,-1.42571
19.71250,1665,-1.42571
19.72500,1666,-1.47459
19.73750,1668,-1.32796
19.75000,1669,-1.03470
19.76251,1671,-1.42571
19.77500,1672,-1.47459
19.78750,1674,-1.37683
19.80000,1675,-1.32796
19.81250,1677,-1.27908
19.82501,1679,-1.47459
19.83750,1680,-1.47459
19.85000,1682,-1.57234
19.86250,1683,-1.52346
19.87500,1685,-1.67009
19.88750,1686,-1.96334
19.90000,1688,-1.76784
19.91250,1690,-1.86559
19.92500,1691,-1.91447
19.93750,1693,-1.91447
19.95001,1694,-2.01222
19.96250,1696,-1.86559
19.97501,1697,-1.96334
19.98750,1699,-1.47459
20.00000,1700,-1.86559
20.01250,1700,-2.10997
20.02500,1700,-1.91447
20.03750,1700,-1.81672
20.05000,1700,-1.96334
20.06250,1700,-1.76784
20.07501,1700,-1.91447
20.08750,1700,-1.96334
20.10000,1700,-1.32796
20.11250,1700,-1.96334
20.12500,1700,-1.81672
20.13751,1700,-1.91447
20.15000,1700,-1.76784
20.16250,1700,-1.42571
20.17500,1700,-2.10997
20.18750,1700,-2.06110
20.20001,1700,-1.86559
20.21250,1700,-1.96334
20.22500,1700,-1.42571
20.23750,1700,-1.91447
20.25000,1700,-1.81672
20.26251,1700,-1.86559
20.27500,1700,-2.01222
20.28750,1700,-1.42571
20.30000,1700,-2.01222
20.31250,1700,-1.81672
20.32500,1700,-2.01222
20.33750,1700,-1.81672
20.35000,1700,-1.76784
20.36250,1700,-2.06110
20.37500,1700,-1.96334
20.38751,1700,-1.57234
20.40000,1700,-1.86559
20.41250,1700,-1.76784
20.42500,1700,-1.91447
20.43750,1700,-1.76784
20.45000,1700,-1.81672
20.46250,1700,-2.01222
20.47500,1700,-1.91447
20.48750,1700,-1.57234
20.50000,1700,-1.81672
20.51250,1700,-1.86559
20.52500,1700,-1.91447
20.53750,1700,-1.67009
20.55000,1700,-1.96334
20.56250,1700,-1.96334
20.57501,1700,-1.52346
20.58750,1700,-1.76784
20.60000,1700,-1.42571
20.61250,1700,-1.81672
20.62500,1700,-1.76784
20.63750,1700,-1.96334
20.65000,1700,-1.86559
20.66250,1700,-1.91447
20.67500,1700,-1.27908
20.68750,1700,-1.86559
20.70001,1700,-1.67009
20.71250,1700,-2.01222
20.72500,1700,-1.32796
20.73750,1700,-1.81672
20.75000,1700,-1.52346
20.76251,1700,-1.71896
20.77500,1700,-1.57234
20.78750,1700,-1.86559
20.80000,1700,-1.86559
20.81250,1700,-1.71896
20.82501,1700,-1.86559
20.83750,1700,-1.76784
20.85000,1700,-1.96334
20.86250,1700,-1.52346
20.87500,1700,-1.71896
20.88750,1700,-1.96334
20.90000,1700,-1.71896
20.91250,1700,-2.01222
20.92500,1700,-1.67009
20.93750,1700,-1.76784
20.95000,1700,-1.62121
20.96250,1700,-1.86559
20.97500,1700,-1.91447
20.98750,1700,-2.06110
21.00000,1700,-2.06110
21.01251,1703,-1.81672
21.02500,1707,-1.96334
21.03750,1711,-2.10997
21.05000,1715,-2.30547
21.06250,1718,-2.15885
21.07500,1722,-2.45210
21.08750,1726,-1.81672
21.10000,1730,-2.54985
21.11250,1734,-2.45210
21.12500,1738,-2.45210
21.13751,1742,-2.10997
21.15001,1746,-2.64760
21.16250,1749,-2.94086
21.17500,1753,-2.84311
21.18750,1757,-2.69648
21.20000,1761,-2.69648
21.21250,1764,-2.94086
21.22501,1768,-2.45210
21.23750,1772,-3.13636
21.25000,1775,-2.40323
21.26251,1779,-3.13636
21.27500,1783,-2.59873
21.28750,1786,-3.03861
21.30000,1790,-3.47849
21.31250,1793,-2.69648
21.32501,1797,-3.23411
21.33750,1800,-3.86950
21.35000,1803,-2.79423
21.36250,1807,-3.52737
21.37500,1810,-3.62512
21.38751,1813,-3.42962
21.40000,1816,-3.57625
21.41250,1820,-3.57625
21.42500,1823,-4.01613
21.43750,1826,-3.82062
21.45000,1829,-3.86950
21.46250,1832,-3.67400
21.47500,1835,-4.06501
21.48750,1838,-3.03861
21.50000,1840,-3.42962
21.51251,1843,-4.35826
21.52500,1846,-3.23411
21.53750,1849,-4.01613
21.55000,1851,-4.26051
21.56250,1854,-4.16276
21.57500,1856,-2.98974
21.58750,1859,-4.35826
21.60001,1861,-4.11388
21.61250,1863,-3.52737
21.62500,1865,-2.74536
21.63750,1868,-3.23411
21.65000,1870,-4.45601
21.66250,1872,-4.11388
21.67500,1874,-4.26051
21.68750,1876,-4.06501
21.70001,1877,-4.30938
21.71250,1879,-3.33187
21.72500,1881,-4.35826
21.73750,1882,-4.35826
21.75000,1884,-3.96725
21.76251,1885,-3.67400
21.77500,1887,-4.30938
21.78750,1888,-3.72287
21.80000,1889,-4.55376
21.81250,1891,-3.86950
21.82500,1892,-4.45601
21.83750,1893,-4.30938
21.85000,1894,-4.50489
21.86251,1895,-4.35826
21.87500,1896,-4.55376
21.88751,1896,-4.30938
21.90000,1897,-4.65152
21.91250,1898,-4.35826
21.92500,1898,-4.60264
21.93750,1898,-4.30938
21.95000,1899,-4.55376
21.96250,1899,-3.52737
21.97500,1899,-3.62512
21.98750,1899,-4.26051
22.00000,1899,-3.77175
22.01251,1899,-2.84311
22.02500,1899,-3.13636
22.03750,1899,-2.74536
22.05000,1899,-4.35826
22.06250,1899,-4.50489
22.07500,1898,-4.45601
22.08750,1898,-4.50489
22.10000,1897,-3.18524
22.11250,1897,-2.74536
22.12500,1896,-2.94086
22.13750,1895,-4.21163
22.15000,1894,-4.50489
22.16250,1893,-4.01613
22.17500,1892,-2.50098
22.18750,1891,-4.06501
22.20000,1890,-4.11388
22.21250,1889,-4.60264
22.22500,1887,-4.16276
22.23750,1886,-3.38074
22.25000,1885,-4.21163
22.26250,1883,-4.35826
22.27500,1881,-4.30938
22.28750,1880,-4.30938
22.30000,1878,-3.62512
22.31250,1876,-2.84311
22.32500,1874,-2.69648
22.33750,1872,-2.74536
22.35000,1870,-3.77175
22.36250,1868,-3.67400
22.37500,1866,-2.94086
22.38751,1864,-4.06501
22.40000,1862,-4.21163
22.41250,1859,-3.82062
22.42500,1857,-4.16276
22.43750,1855,-3.52737
22.45000,1852,-2.89198
22.46250,1849,-4.16276
22.47500,1847,-3.33187
22.48751,1844,-2.84311
22.50000,1841,-4.06501
22.51251,1839,-3.67400
22.52500,1836,-3.33187
22.53750,1833,-3.28299
22.55000,1830,-3.57625
22.56250,1827,-3.77175
22.57500,1824,-3.42962
22.58750,1821,-3.52737
22.60000,1818,-3.38074
22.61250,1814,-2.94086
22.62500,1811,-3.47849
22.63751,1808,-3.33187
22.65000,1805,-3.42962
22.66250,1801,-3.33187
22.67500,1798,-3.33187
22.68750,1794,-3.28299
22.70001,1791,-2.54985
22.71250,1787,-3.23411
22.72500,1784,-2.84311
22.73750,1780,-3.28299
22.75000,1777,-2.84311
22.76250,1773,-2.69648
22.77500,1769,-2.89198
22.78750,1766,-2.79423
22.80001,1762,-2.98974
22.81250,1758,-2.59873
22.82501,1754,-2.69648
22.83750,1751,-2.79423
22.85000,1747,-2.59873
22.86250,1743,-2.50098
22.87500,1739,-2.06110
22.88751,1735,-2.45210
22.90001,1731,-2.59873
22.91250,1728,-2.64760
22.92500,1724,-2.40323
22.93750,1720,-2.35435
22.95000,1716,-2.45210
22.96250,1712,-2.30547
22.97500,1708,-2.20772
22.98750,1704,-2.01222
23.00000,1700,-2.01222
23.01251,1697,-2.01222
23.02500,1693,-1.76784
23.03750,1689,-1.86559
23.05000,1686,-1.57234
23.06250,1682,-1.62121
23.07501,1678,-1.62121
23.08750,1674,-1.71896
23.10000,1670,-1.47459
23.11250,1666,-1.18133
23.12500,1662,-1.32796
23.13750,1658,-1.13245
23.15000,1654,-1.13245
23.16250,1651,-1.23021
23.17500,1647,-1.23021
23.18750,1643,-1.08358
23.20000,1639,-0.98583
23.21250,1636,-0.64369
23.22500,1632,-0.83920
23.23750,1628,-0.64369
23.25000,1625,-0.59482
23.26250,1621,-0.49707
23.27500,1617,-0.54594
23.28750,1614,-0.74145
23.30000,1610,-0.44819
23.31250,1607,-0.44819
23.32500,1603,-0.44819
23.33750,1600,-0.44819
23.35000,1597,-0.25269
23.36250,1593,-0.25269
23.37500,1590,-0.20381
23.38751,1587,-0.25269
23.40000,1584,-0.44819
23.41250,1580,-0.10606
23.42500,1577,-0.20381
23.43750,1574,-0.10606
23.45001,1571,-0.20381
23.46250,1568,-0.15494
23.47501,1565,-0.05718
23.48750,1562,-0.20381
23.50000,1560,-0.05718
23.51251,1557,-0.10606
23.52500,1554,-0.10606
23.53750,1551,-0.05718
23.55000,1549,-0.00831
23.56250,1546,-0.05718
23.57500,1544,-0.05718
23.58750,1541,-0.05718
23.60000,1539,-0.00831
23.61250,1537,-0.05718
23.62500,1535,-0.00831
23.63751,1532,-0.00831
23.65000,1530,-0.00831
23.66250,1528,-0.05718
23.67500,1526,-0.00831
23.68750,1524,-0.05718
23.70000,1523,0.04057
23.71250,1521,-0.00831
23.72500,1519,-0.00831
23.73750,1518,-0.00831
23.75000,1516,-0.00831
23.76250,1515,-0.00831
23.77500,1513,-0.05718
23.78750,1512,-0.00831
23.80000,1511,-0.00831
23.81250,1509,-0.00831
23.82500,1508,-0.00831
23.83750,1507,0.04057
23.85000,1506,0.04057
23.86250,1505,-0.00831
23.87500,1504,-0.00831
23.88751,1504,-0.00831
23.90000,1503,-0.00831
23.91250,1502,-0.00831
23.92500,1502,-0.00831
23.93750,1502,-0.00831
23.95001,1501,-0.00831
23.96250,1501,-0.00831
23.97500,1501,-0.00831
23.98750,1501,-0.00831
24.00000,1501,-0.00831
24.01251,1501,0.04057
24.02500,1501,0.04057
24.03750,1501,-0.00831
24.05000,1501,0.04057
24.06251,1501,-0.00831
24.07501,1502,-0.00831
24.08750,1502,-0.00831
24.10000,1503,-0.00831
24.11250,1503,-0.00831
24.12500,1504,-0.00831
24.13751,1505,0.04057
24.15000,1506,-0.00831
24.16250,1507,-0.00831
24.17500,1508,-0.00831
24.18750,1509,-0.00831
24.20001,1510,-0.00831
24.21250,1511,-0.00831
24.22500,1513,-0.00831
24.23750,1514,-0.00831
24.25000,1515,-0.00831
24.26250,1517,-0.00831
24.27500,1519,-0.00831
24.28750,1520,0.04057
24.30000,1522,-0.00831
24.31250,1524,-0.00831
24.32500,1526,-0.00831
24.33750,1528,-0.00831
24.35000,1530,0.04057
24.36250,1532,-0.00831
24.37500,1534,-0.05718
24.38750,1536,-0.00831
24.40000,1538,-0.20381
24.41250,1541,-0.15494
24.42500,1543,-0.10606
24.43750,1545,-0.05718
24.45000,1548,-0.10606
24.46250,1551,-0.15494
24.47500,1553,-0.10606
24.48751,1556,-0.10606
24.50000,1559,-0.00831
24.51250,1561,-0.10606
24.52500,1564,-0.00831
24.53750,1567,-0.35044
24.55000,1570,-0.25269
24.56250,1573,-0.20381
24.57500,1576,-0.30156
24.58750,1579,-0.30156
24.60001,1582,-0.35044
24.61250,1586,-0.25269
24.62500,1589,-0.35044
24.63751,1592,-0.44819
24.65000,1595,-0.30156
24.66250,1599,-0.30156
24.67500,1602,-0.49707
24.68750,1606,-0.30156
24.70001,1609,-0.54594
24.71250,1613,-0.69257
24.72500,1616,-0.54594
24.73750,1620,-0.54594
24.75000,1623,-0.79032
24.76250,1627,-0.69257
24.77500,1631,-0.83920
24.78751,1634,-0.93695
24.80001,1638,-0.88808
24.81251,1642,-0.98583
24.82501,1646,-0.98583
24.83750,1649,-1.23021
24.85000,1653,-0.83920
24.86250,1657,-1.32796
24.87500,1661,-1.13245
24.88751,1665,-1.42571
24.90000,1669,-1.62121
24.91251,1672,-1.62121
24.92500,1676,-1.52346
24.93750,1680,-1.57234
24.95001,1684,-1.57234
24.96250,1688,-1.18133
24.97500,1692,-1.86559
24.98750,1696,-1.86559
25.00000,1700,-2.01222
25.01250,1703,-2.10997
25.02500,1707,-1.96334
25.03750,1711,-2.01222
25.05000,1714,-2.20772
25.06251,1718,-2.10997
25.07500,1722,-2.50098
25.08750,1726,-2.45210
25.10000,1730,-1.67009
25.11250,1734,-2.35435
25.12500,1738,-2.59873
25.13751,1742,-2.54985
25.15000,1746,-2.59873
25.16251,1749,-2.79423
25.17500,1753,-2.45210
25.18750,1757,-2.69648
25.20001,1761,-3.03861
25.21250,1764,-2.79423
25.22500,1768,-2.20772
25.23750,1772,-3.23411
25.25000,1775,-3.18524
25.26251,1779,-3.47849
25.27500,1783,-3.23411
25.28750,1786,-3.33187
25.30000,1790,-3.28299
25.31250,1793,-3.33187
25.32500,1797,-3.42962
25.33750,1800,-3.28299
25.35000,1803,-3.28299
25.36250,1807,-3.91838
25.37500,1810,-2.59873
25.38751,1813,-3.67400
25.40000,1816,-3.62512
25.41250,1820,-3.86950
25.42500,1823,-2.79423
25.43750,1826,-3.62512
25.45000,1829,-3.91838
25.46250,1832,-4.06501
25.47500,1835,-2.98974
25.48750,1838,-3.67400
25.50000,1840,-3.57625
25.51251,1843,-4.26051
25.52500,1846,-2.89198
25.53750,1849,-3.62512
25.55001,1851,-4.11388
25.56250,1854,-2.54985
25.57501,1856,-3.96725
25.58750,1859,-4.26051
25.60000,1861,-4.06501
25.61250,1863,-3.38074
25.62500,1865,-3.91838
25.63751,1868,-3.62512
25.65000,1870,-3.77175
25.66250,1872,-3.18524
25.67500,1874,-4.21163
25.68750,1876,-3.13636
25.70000,1877,-3.77175
25.71251,1879,-4.55376
25.72500,1881,-2.98974
25.73750,1882,-3.62512
25.75000,1884,-4.50489
25.76251,1885,-3.38074
25.77500,1887,-3.38074
25.78750,1888,-3.91838
25.80000,1889,-4.35826
25.81250,1891,-4.40714
25.82500,1892,-4.65152
25.83750,1893,-4.50489
25.85000,1894,-4.11388
25.86250,1895,-2.94086
25.87500,1896,-4.30938
25.88751,1896,-4.21163
25.90000,1897,-3.18524
25.91250,1898,-4.50489
25.92500,1898,-2.98974
25.93750,1898,-4.45601
25.95001,1899,-3.33187
25.96250,1899,-3.42962
25.97500,1899,-4.50489
25.98750,1899,-3.77175
26.00000,1899,-4.60264
26.01250,1899,-4.45601
26.02500,1899,-3.91838
26.03750,1899,-4.45601
26.05000,1899,-3.28299
26.06251,1899,-4.65152
26.07501,1898,-3.67400
26.08750,1898,-3.13636
26.10000,1897,-4.50489
26.11250,1897,-2.98974
26.12500,1896,-4.55376
26.13751,1895,-4.40714
26.15000,1894,-4.30938
26.16250,1893,-2.94086
26.17500,1892,-4.60264
26.18750,1891,-3.91838
26.20000,1890,-3.67400
26.21250,1889,-3.03861
26.22500,1887,-4.60264
26.23750,1886,-4.06501
26.25000,1885,-4.35826
26.26251,1883,-3.47849
26.27500,1881,-4.06501
26.28750,1880,-4.26051
26.30000,1878,-3.03861
26.31250,1876,-4.26051
26.32500,1874,-3.52737
26.33750,1872,-3.42962
26.35000,1870,-4.35826
26.36250,1868,-4.06501
26.37500,1866,-2.89198
26.38750,1864,-3.91838
26.40000,1862,-3.91838
26.41250,1859,-4.30938
26.42500,1857,-3.96725
26.43750,1855,-4.01613
26.45000,1852,-3.28299
26.46250,1849,-4.06501
26.47500,1847,-3.77175
26.48750,1844,-3.77175
26.50000,1841,-3.86950
26.51251,1839,-4.01613
26.52500,1836,-3.91838
26.53750,1833,-3.67400
26.55000,1830,-3.72287
26.56251,1827,-3.86950
26.57501,1824,-2.89198
26.58751,1821,-3.23411
26.60000,1818,-3.62512
26.61250,1814,-3.57625
26.62500,1811,-2.15885
26.63750,1808,-3.57625
26.65000,1805,-3.33187
26.66250,1801,-2.98974
26.67500,1798,-3.42962
26.68751,1794,-3.18524
26.70000,1791,-3.08749
26.71250,1787,-3.08749
26.72500,1784,-3.23411
26.73750,1780,-3.23411
26.75000,1777,-3.08749
26.76251,1773,-3.08749
26.77500,1769,-3.03861
26.78750,1766,-2.64760
26.80000,1762,-3.08749
26.81250,1758,-2.79423
26.82501,1754,-2.74536
26.83750,1751,-2.74536
26.85000,1747,-2.69648
26.86250,1743,-2.74536
26.87500,1739,-2.35435
26.88751,1735,-2.40323
26.90000,1731,-2.50098
26.91250,1728,-2.50098
26.92500,1724,-2.59873
26.93750,1720,-2.15885
26.95000,1716,-2.30547
26.96250,1712,-2.20772
26.97500,1708,-1.47459
26.98750,1704,-1.81672
27.00000,1700,-1.81672
27.01250,1697,-1.67009
27.02500,1693,-1.86559
27.03750,1689,-1.57234
27.05000,1686,-1.62121
27.06250,1682,-1.47459
27.07501,1678,-1.37683
27.08750,1674,-1.52346
27.10000,1670,-1.52346
27.11250,1666,-1.37683
27.12500,1662,-0.83920
27.13750,1658,-1.03470
27.15000,1654,-1.23021
27.16251,1651,-1.03470
27.17500,1647,-0.64369
27.18750,1643,-1.03470
27.20000,1639,-0.83920
27.21250,1636,-0.49707
27.22500,1632,-0.69257
27.23750,1628,-0.64369
27.25000,1625,-0.64369
27.26251,1621,-0.59482
27.27500,1617,-0.59482
27.28750,1614,-0.59482
27.30000,1610,-0.35044
27.31250,1607,-0.44819
27.32501,1603,-0.44819
27.33750,1600,-0.39932
27.35000,1597,-0.30156
27.36250,1593,-0.35044
27.37500,1590,-0.20381
27.38751,1587,-0.25269
27.40000,1584,-0.20381
27.41250,1580,-0.15494
27.42500,1577,-0.15494
27.43750,1574,-0.05718
27.45001,1571,-0.10606
27.46250,1568,-0.05718
27.47500,1565,-0.10606
27.48750,1562,-0.15494
27.50000,1560,-0.05718
27.51251,1557,-0.10606
27.52500,1554,-0.10606
27.53750,1551,-0.00831
27.55000,1549,-0.05718
27.56250,1546,-0.05718
27.57501,1544,0.04057
27.58750,1541,-0.00831
27.60000,1539,0.04057
27.61250,1537,-0.00831
27.62501,1535,-0.05718
27.63751,1532,-0.00831
27.65000,1530,0.04057
27.66250,1528,-0.00831
27.67500,1526,-0.00831
27.68751,1524,-0.05718
27.70001,1523,0.04057
27.71250,1521,-0.05718
27.72500,1519,-0.00831
27.73750,1518,-0.00831
27.75001,1516,-0.00831
27.76251,1515,-0.00831
27.77500,1513,-0.00831
27.78750,1512,-0.00831
27.80000,1511,-0.00831
27.81250,1509,-0.00831
27.82500,1508,-0.05718
27.83750,1507,-0.00831
27.85000,1506,-0.00831
27.86250,1505,0.04057
27.87500,1504,0.04057
27.88751,1504,0.04057
27.90000,1503,-0.00831
27.91250,1502,-0.00831
27.92500,1502,-0.00831
27.93750,1502,-0.00831
27.95001,1501,-0.00831
27.96250,1501,0.04057
27.97500,1501,-0.00831
27.98751,1501,-0.00831
28.00000,1501,-0.05718
28.01251,1501,0.04057
28.02500,1501,-0.00831
28.03750,1501,-0.00831
28.05000,1501,0.04057
28.06250,1501,-0.00831
28.07501,1502,-0.00831
28.08750,1502,0.04057
28.10000,1503,0.04057
28.11250,1503,0.04057
28.12500,1504,-0.00831
28.13751,1505,0.04057
28.15000,1506,0.04057
28.16250,1507,0.04057
28.17500,1508,-0.00831
28.18750,1509,-0.00831
28.20001,1510,-0.00831
28.21250,1511,-0.00831
28.22500,1513,-0.00831
28.23750,1514,0.04057
28.25000,1515,0.04057
28.26251,1517,0.04057
28.27500,1519,0.04057
28.28750,1520,0.04057
28.30000,1522,-0.00831
28.31250,1524,0.04057
28.32500,1526,-0.00831
28.33750,1528,0.04057
28.35000,1530,0.04057
28.36250,1532,-0.00831
28.37500,1534,0.04057
28.38751,1536,-0.10606
28.40000,1538,-0.15494
28.41250,1541,-0.39932
28.42500,1543,-0.25269
28.43750,1545,-0.25269
28.45001,1548,-0.10606
28.46250,1551,-0.15494
28.47501,1553,-0.05718
28.48750,1556,-0.15494
28.50000,1559,-0.25269
28.51251,1561,-0.05718
28.52500,1564,-0.05718
28.53751,1567,-0.35044
28.55000,1570,-0.35044
28.56250,1573,-0.20381
28.57500,1576,-0.35044
28.58750,1579,-0.30156
28.60000,1582,-0.35044
28.61250,1586,-0.30156
28.62501,1589,-0.35044
28.63750,1592,-0.44819
28.65000,1595,-0.35044
28.66250,1599,-0.54594
28.67500,1602,-0.44819
28.68750,1606,-0.44819
28.70001,1609,-0.49707
28.71250,1613,-0.54594
28.72500,1616,-0.39932
28.73750,1620,-0.69257
28.75000,1623,-0.59482
28.76251,1627,-0.69257
28.77500,1631,-0.69257
28.78750,1634,-0.69257
28.80000,1638,-0.98583
28.81251,1642,-0.93695
28.82501,1646,-0.64369
28.83750,1649,-0.93695
28.85000,1653,-0.98583
28.86250,1657,-1.18133
28.87500,1661,-1.23021
28.88751,1665,-1.18133
28.90000,1669,-1.42571
28.91251,1672,-1.37683
28.92500,1676,-1.42571
28.93750,1680,-1.37683
28.95000,1684,-1.18133
28.96250,1688,-1.62121
28.97500,1692,-1.81672
28.98750,1696,-1.23021
29.00000,1700,-1.91447
29.01251,1700,-1.86559
29.02500,1700,-1.81672
29.03750,1700,-2.20772
29.05000,1700,-2.01222
29.06250,1700,-1.81672
29.07501,1700,-1.76784
29.08750,1700,-1.47459
29.10000,1700,-1.86559
29.11250,1700,-1.81672
29.12500,1700,-1.96334
29.13750,1700,-1.96334
29.15000,1700,-1.47459
29.16250,1700,-2.06110
29.17500,1700,-1.81672
29.18750,1700,-1.96334
29.20000,1700,-1.81672
29.21250,1700,-1.47459
29.22500,1700,-2.15885
29.23750,1700,-1.96334
29.25000,1700,-2.06110
29.26250,1700,-1.91447
29.27500,1700,-1.76784
29.28750,1700,-1.86559
29.30000,1700,-1.86559
29.31250,1700,-2.15885
29.32500,1700,-1.96334
29.33750,1700,-1.81672
29.35000,1700,-1.91447
29.36250,1700,-1.23021
29.37500,1700,-1.86559
29.38750,1700,-1.67009
29.40000,1700,-2.01222
29.41250,1700,-1.81672
29.42500,1700,-1.86559
29.43750,1700,-1.76784
29.45000,1700,-1.71896
29.46250,1700,-1.76784
29.47500,1700,-1.71896
29.48750,1700,-1.96334
29.50000,1700,-1.86559
29.51251,1700,-1.86559
29.52500,1700,-1.76784
29.53750,1700,-1.81672
29.55000,1700,-1.76784
29.56250,1700,-1.62121
29.57501,1700,-2.10997
29.58750,1700,-1.86559
29.60000,1700,-1.86559
29.61250,1700,-1.71896
29.62500,1700,-2.06110
29.63751,1700,-1.81672
29.65000,1700,-1.57234
29.66250,1700,-1.91447
29.67500,1700,-1.62121
29.68750,1700,-1.86559
29.70000,1700,-1.57234
29.71250,1700,-1.91447
29.72500,1700,-1.71896
29.73750,1700,-2.15885
29.75000,1700,-2.01222
29.76251,1700,-2.06110
29.77500,1700,-1.86559
29.78750,1700,-2.10997
29.80000,1700,-1.86559
29.81250,1700,-1.96334
29.82501,1700,-2.10997
29.83750,1700,-1.57234
29.85000,1700,-2.06110
29.86250,1700,-1.81672
29.87500,1700,-2.06110
29.88751,1700,-1.96334
29.90000,1700,-1.71896
29.91250,1700,-2.15885
29.92500,1700,-1.57234
29.93750,1700,-2.10997
29.95001,1700,-1.91447
29.96250,1700,-2.10997
29.97500,1700,-1.86559
29.98750,1700,-1.71896
30.00000,1700,-2.15885
30.01251,1706,-1.81672
30.02500,1714,-1.91447
30.03750,1722,-1.96334
30.05000,1729,-2.15885
30.06250,1737,-2.54985
30.07500,1745,-2.50098
30.08750,1752,-2.30547
30.10000,1760,-2.06110
30.11250,1767,-3.03861
30.12500,1775,-2.94086
30.13750,1782,-3.33187
30.15000,1789,-2.69648
30.16250,1796,-3.42962
30.17500,1803,-2.45210
30.18750,1809,-3.47849
30.20001,1816,-3.62512
30.21250,1822,-3.62512
30.22500,1828,-3.72287
30.23750,1834,-3.23411
30.25000,1840,-3.62512
30.26250,1845,-3.86950
30.27500,1851,-3.47849
30.28750,1856,-3.08749
30.30000,1860,-4.45601
30.31250,1865,-3.86950
30.32500,1869,-4.06501
30.33750,1873,-3.96725
30.35000,1877,-4.21163
30.36250,1881,-3.72287
30.37500,1884,-4.50489
30.38751,1887,-3.33187
30.40000,1889,-4.50489
30.41250,1892,-4.21163
30.42500,1894,-4.79814
30.43750,1895,-4.30938
30.45001,1897,-3.42962
30.46250,1898,-4.45601
30.47500,1899,-2.84311
30.48750,1899,-3.52737
30.50000,1899,-4.45601
30.51250,1899,-4.35826
30.52501,1899,-2.84311
30.53750,1898,-3.91838
30.55000,1897,-4.30938
30.56250,1896,-4.01613
30.57501,1894,-2.84311
30.58750,1892,-3.57625
30.60000,1890,-4.30938
30.61250,1888,-3.08749
30.62500,1885,-4.21163
30.63750,1882,-3.13636
30.65000,1878,-4.01613
30.66250,1875,-4.06501
30.67500,1871,-4.50489
30.68750,1867,-4.55376
30.70000,1862,-4.30938
30.71250,1857,-3.03861
30.72500,1853,-2.89198
30.73750,1847,-4.11388
30.75000,1842,-3.28299
30.76251,1836,-3.72287
30.77500,1830,-2.98974
30.78750,1824,-3.72287
30.80000,1818,-3.23411
30.81250,1812,-3.77175
30.82500,1805,-3.72287
30.83750,1798,-3.33187
30.85000,1792,-3.28299
30.86250,1785,-2.74536
30.87500,1777,-3.23411
30.88751,1770,-3.23411
30.90000,1763,-2.84311
30.91250,1755,-2.69648
30.92500,1748,-2.40323
30.93750,1740,-1.96334
30.95000,1732,-2.01222
30.96250,1724,-1.86559
30.97500,1717,-1.57234
30.98750,1709,-2.10997
31.00000,1701,-2.20772
31.01250,1694,-1.71896
31.02500,1686,-1.71896
31.03750,1678,-1.42571
31.05000,1671,-1.27908
31.06250,1663,-1.18133
31.07500,1655,-0.98583
31.08750,1648,-1.18133
31.10001,1640,-0.88808
31.11250,1633,-0.69257
31.12500,1625,-0.93695
31.13750,1618,-0.49707
31.15000,1611,-0.59482
31.16250,1604,-0.54594
31.17500,1597,-0.20381
31.18751,1591,-0.30156
31.20001,1584,-0.30156
31.21251,1578,-0.15494
31.22500,1572,-0.20381
31.23750,1566,-0.00831
31.25000,1560,-0.10606
31.26250,1555,-0.15494
31.27500,1549,-0.00831
31.28750,1544,-0.05718
31.30000,1540,0.04057
31.31250,1535,0.04057
31.32500,1531,-0.00831
31.33750,1527,-0.00831
31.35000,1523,-0.00831
31.36250,1519,0.04057
31.37500,1516,-0.00831
31.38750,1513,-0.00831
31.40000,1511,-0.00831
31.41250,1508,-0.00831
31.42500,1506,-0.00831
31.43750,1505,-0.00831
31.45000,1503,0.04057
31.46250,1502,0.04057
31.47500,1501,0.04057
31.48750,1501,0.04057
31.50000,1501,-0.00831
31.51250,1501,0.04057
31.52500,1501,-0.00831
31.53750,1502,0.04057
31.55000,1503,-0.05718
31.56250,1504,0.04057
31.57500,1506,0.04057
31.58750,1508,-0.00831
31.60000,1510,-0.00831
31.61250,1512,-0.00831
31.62500,1515,-0.00831
31.63751,1518,-0.00831
31.65000,1522,-0.00831
31.66250,1525,-0.00831
31.67500,1529,-0.00831
31.68750,1533,0.04057
31.70000,1538,-0.00831
31.71250,1543,-0.00831
31.72500,1547,-0.00831
31.73750,1553,-0.00831
31.75000,1558,0.04057
31.76251,1564,-0.30156
31.77500,1570,-0.30156
31.78750,1576,-0.25269
31.80000,1582,-0.20381
31.81250,1588,-0.15494
31.82501,1595,-0.10606
31.83750,1602,-0.10606
31.85000,1608,-0.15494
31.86250,1615,-0.10606
31.87500,1623,-0.10606
31.88751,1630,-0.15494
31.90000,1637,-0.00831
31.91250,1645,-0.44819
31.92500,1652,-0.25269
31.93750,1660,-0.59482
31.95001,1668,-0.49707
31.96250,1676,-1.32796
31.97500,1683,-1.62121
31.98750,1691,-1.76784
32.00000,1699,-1.91447
32.01250,1706,-1.81672
32.02500,1714,-2.06110
32.03750,1722,-2.35435
32.05000,1729,-2.20772
32.06250,1737,-1.96334
32.07500,1745,-2.45210
32.08751,1752,-2.54985
32.10000,1760,-3.03861
32.11250,1767,-2.94086
32.12500,1775,-2.74536
32.13750,1782,-3.13636
32.15000,1789,-3.03861
32.16250,1796,-3.28299
32.17500,1803,-2.50098
32.18750,1809,-3.62512
32.20000,1816,-2.98974
32.21250,1822,-3.72287
32.22500,1828,-3.08749
32.23750,1834,-2.94086
32.25000,1840,-3.82062
32.26251,1845,-3.52737
32.27500,1851,-4.06501
32.28750,1856,-3.08749
32.30000,1860,-4.16276
32.31250,1865,-3.52737
32.32500,1869,-4.11388
32.33750,1873,-4.01613
32.35000,1877,-3.23411
32.36250,1881,-4.26051
32.37500,1884,-4.30938
32.38750,1887,-4.16276
32.40000,1889,-3.03861
32.41250,1892,-4.30938
32.42500,1894,-4.35826
32.43750,1895,-4.50489
32.45000,1897,-3.91838
32.46250,1898,-4.26051
32.47500,1899,-3.28299
32.48750,1899,-3.23411
32.50000,1899,-4.40714
32.51250,1899,-4.40714
32.52500,1899,-4.16276
32.53750,1898,-3.47849
32.55000,1897,-3.52737
32.56250,1896,-3.28299
32.57500,1894,-4.74927
32.58750,1892,-3.47849
32.60000,1890,-4.45601
32.61250,1888,-4.06501
32.62500,1885,-3.82062
32.63750,1882,-3.82062
32.65000,1878,-4.35826
32.66250,1875,-4.06501
32.67500,1871,-3.82062
32.68750,1867,-4.21163
32.70000,1862,-4.01613
32.71250,1857,-3.96725
32.72500,1853,-2.84311
32.73750,1847,-3.38074
32.75001,1842,-4.06501
32.76250,1836,-4.06501
32.77500,1830,-3.13636
32.78750,1824,-3.08749
32.80000,1818,-3.13636
32.81250,1812,-3.23411
32.82500,1805,-3.52737
32.83750,1798,-3.23411
32.85000,1792,-2.89198
32.86250,1785,-3.23411
32.87500,1777,-3.28299
32.88750,1770,-3.38074
32.90000,1763,-2.94086
32.91250,1755,-2.79423
32.92500,1748,-2.89198
32.93750,1740,-2.50098
32.95000,1732,-2.59873
32.96250,1724,-2.64760
32.97500,1717,-2.35435
32.98750,1709,-2.15885
33.00000,1701,-1.86559
33.01250,1694,-2.10997
33.02500,1686,-1.96334
33.03750,1678,-1.32796
33.05000,1671,-1.67009
33.06250,1663,-1.52346
33.07500,1655,-0.98583
33.08750,1648,-1.23021
33.10000,1640,-0.74145
33.11250,1633,-0.79032
33.12500,1625,-1.03470
33.13750,1618,-0.44819
33.15000,1611,-0.59482
33.16250,1604,-0.69257
33.17500,1597,-0.25269
33.18750,1591,-0.35044
33.20000,1584,-0.30156
33.21250,1578,-0.20381
33.22500,1572,-0.15494
33.23750,1566,-0.00831
33.25000,1560,-0.05718
33.26250,1555,-0.05718
33.27500,1549,-0.00831
33.28750,1544,-0.00831
33.30001,1540,-0.00831
33.31250,1535,0.04057
33.32500,1531,0.04057
33.33750,1527,0.04057
33.35000,1523,-0.00831
33.36250,1519,-0.00831
33.37500,1516,-0.00831
33.38750,1513,0.04057
33.40000,1511,-0.00831
33.41250,1508,-0.00831
33.42500,1506,-0.00831
33.43750,1505,-0.00831
33.45000,1503,-0.00831
33.46250,1502,0.04057
33.47500,1501,-0.00831
33.48750,1501,-0.00831
33.50000,1501,0.04057
33.51250,1501,-0.00831
33.52500,1501,-0.00831
33.53750,1502,0.04057
33.55000,1503,0.04057
33.56250,1504,0.04057
33.57500,1506,0.04057
33.58750,1508,-0.00831
33.60000,1510,0.04057
33.61250,1512,-0.00831
33.62500,1515,0.04057
33.63750,1518,0.04057
33.65000,1522,0.04057
33.66250,1525,-0.00831
33.67500,1529,-0.00831
33.68750,1533,-0.00831
33.70000,1538,-0.00831
33.71250,1543,-0.00831
33.72500,1547,-0.00831
33.73750,1553,-0.25269
33.75000,1558,-0.20381
33.76250,1564,-0.25269
33.77500,1570,-0.30156
33.78750,1576,-0.20381
33.80000,1582,-0.15494
33.81250,1588,-0.10606
33.82500,1595,-0.05718
33.83750,1602,-0.10606
33.85000,1608,-0.05718
33.86250,1615,-0.05718
33.87501,1623,-0.10606
33.88750,1630,-0.05718
33.90000,1637,-0.25269
33.91250,1645,-0.69257
33.92501,1652,-0.54594
33.93750,1660,-1.37683
33.95000,1668,-1.42571
33.96250,1676,-1.47459
33.97500,1683,-1.76784
33.98750,1691,-1.52346
34.00000,1699,-1.62121
34.01250,1700,-1.96334
34.02501,1700,-1.91447
34.03750,1700,-1.96334
34.05000,1700,-1.96334
34.06250,1700,-1.81672
34.07500,1700,-1.71896
34.08750,1700,-1.86559
34.10000,1700,-1.96334
34.11250,1700,-1.86559
34.12500,1700,-1.91447
34.13750,1700,-1.76784
34.15000,1700,-1.81672
34.16250,1700,-1.81672
34.17500,1700,-1.71896
34.18750,1700,-2.01222
34.20000,1700,-1.86559
34.21250,1700,-1.71896
34.22500,1700,-1.81672
34.23750,1700,-1.37683
34.25000,1700,-1.96334
34.26250,1700,-1.71896
34.27500,1700,-1.71896
34.28750,1700,-1.96334
34.30000,1700,-1.52346
34.31250,1700,-1.86559
34.32500,1700,-1.76784
34.33750,1700,-1.86559
34.35000,1700,-1.86559
34.36250,1700,-1.76784
34.37500,1700,-2.01222
34.38751,1700,-1.86559
34.40000,1700,-1.52346
34.41250,1700,-1.81672
34.42500,1700,-1.71896
34.43750,1700,-1.96334
34.45000,1700,-1.86559
34.46250,1700,-1.37683
34.47500,1700,-2.01222
34.48750,1700,-1.86559
34.50000,1700,-1.76784
34.51250,1700,-1.81672
34.52500,1700,-1.23021
34.53750,1700,-1.86559
34.55000,1700,-1.86559
34.56250,1700,-2.06110
34.57500,1700,-1.91447
34.58750,1700,-1.86559
34.60000,1700,-1.67009
34.61250,1700,-1.91447
34.62500,1700,-1.67009
34.63750,1700,-1.81672
34.65000,1700,-1.86559
34.66250,1700,-1.91447
34.67500,1700,-1.71896
34.68750,1700,-1.91447
34.70000,1700,-1.71896
34.71250,1700,-1.91447
34.72500,1700,-1.81672
34.73750,1700,-1.91447
34.75000,1700,-1.76784
34.76250,1700,-1.96334
34.77500,1700,-1.71896
34.78750,1700,-1.96334
34.80000,1700,-1.27908
34.81250,1700,-1.81672
34.82500,1700,-1.52346
34.83750,1700,-1.76784
34.85000,1700,-1.86559
34.86250,1700,-1.81672
34.87500,1700,-1.81672
34.88750,1700,-1.67009
34.90000,1700,-1.81672
34.91250,1700,-1.23021
34.92500,1700,-1.81672
34.93750,1700,-1.86559
34.95000,1700,-1.62121
34.96250,1700,-1.67009
34.97500,1700,-1.86559
34.98750,1700,-1.71896
35.00000,1700,-1.71896
35.01250,1709,-1.81672
35.02500,1721,-1.18133
35.03750,1732,-2.25660
35.05000,1744,-2.06110
35.06250,1755,-2.45210
35.07500,1767,-2.84311
35.08750,1778,-2.79423
35.10000,1788,-3.08749
35.11250,1799,-3.13636
35.12500,1809,-3.33187
35.13750,1818,-3.18524
35.15000,1828,-2.59873
35.16250,1837,-3.72287
35.17500,1845,-3.72287
35.18750,1853,-3.62512
35.20000,1860,-3.96725
35.21250,1867,-3.03861
35.22500,1873,-3.08749
35.23750,1878,-4.50489
35.25001,1883,-3.18524
35.26250,1888,-3.77175
35.27500,1891,-4.30938
35.28750,1894,-3.67400
35.30000,1897,-4.30938
35.31250,1898,-4.26051
35.32500,1899,-4.21163
35.33750,1899,-4.35826
35.35000,1899,-4.60264
35.36250,1898,-3.96725
35.37500,1896,-4.06501
35.38750,1894,-3.86950
35.40000,1890,-3.03861
35.41250,1887,-3.86950
35.42500,1882,-3.47849
35.43750,1877,-4.16276
35.45000,1871,-3.82062
35.46251,1865,-3.23411
35.47500,1858,-2.84311
35.48750,1850,-3.86950
35.50000,1842,-3.08749
35.51250,1834,-3.96725
35.52500,1825,-3.82062
35.53750,1816,-3.67400
35.55000,1806,-3.67400
35.56250,1796,-3.23411
35.57500,1785,-2.94086
35.58750,1774,-3.18524
35.60000,1763,-2.98974
35.61250,1752,-2.54985
35.62500,1741,-2.84311
35.63750,1729,-2.25660
35.65000,1717,-2.06110
35.66250,1706,-2.01222
35.67500,1695,-1.71896
35.68750,1683,-1.86559
35.70000,1671,-1.37683
35.71250,1660,-1.08358
35.72500,1648,-1.03470
35.73750,1637,-0.79032
35.75000,1626,-0.59482
35.76250,1615,-0.44819
35.77500,1605,-0.25269
35.78750,1595,-0.30156
35.80000,1585,-0.10606
35.81250,1575,-0.10606
35.82500,1566,-0.20381
35.83750,1558,-0.00831
35.85000,1550,-0.05718
35.86250,1542,-0.00831
35.87500,1535,-0.00831
35.88750,1529,-0.00831
35.90000,1523,0.08944
35.91250,1518,-0.00831
35.92500,1514,0.04057
35.93750,1510,-0.00831
35.95000,1507,0.04057
35.96250,1504,0.04057
35.97500,1502,-0.00831
35.98750,1501,-0.00831
36.00000,1501,0.04057
36.01250,1501,-0.00831
36.02500,1502,-0.00831
36.03750,1503,-0.00831
36.05000,1506,-0.00831
36.06250,1508,0.04057
36.07500,1512,0.04057
36.08750,1516,-0.05718
36.10000,1521,0.04057
36.11250,1527,-0.00831
36.12500,1533,0.04057
36.13750,1540,0.04057
36.15000,1547,-0.00831
36.16250,1555,0.04057
36.17500,1563,0.04057
36.18751,1572,-0.00831
36.20000,1581,-0.69257
36.21250,1591,-0.44819
36.22500,1601,-0.30156
36.23750,1611,-0.15494
36.25000,1622,-0.20381
36.26250,1633,-0.10606
36.27500,1644,-0.15494
36.28750,1655,-0.05718
36.30000,1667,-0.10606
36.31250,1679,-0.05718
36.32500,1690,-0.10606
36.33750,1701,-0.10606
36.35000,1713,-0.05718
36.36250,1725,-0.25269
36.37500,1736,-0.44819
36.38750,1748,-0.44819
36.40000,1759,-1.18133
36.41250,1770,-1.52346
36.42500,1781,-1.52346
36.43750,1792,-2.84311
36.45000,1802,-2.64760
36.46250,1812,-3.23411
36.47500,1822,-3.62512
36.48750,1831,-3.57625
36.50000,1839,-4.01613
36.51250,1848,-4.26051
36.52500,1855,-3.96725
36.53750,1862,-4.01613
36.55000,1869,-3.72287
36.56250,1875,-3.52737
36.57500,1880,-4.35826
36.58750,1885,-3.47849
36.60000,1889,-4.30938
36.61250,1892,-4.35826
36.62500,1895,-4.30938
36.63750,1897,-4.30938
36.65000,1899,-4.35826
36.66250,1899,-4.70039
36.67500,1899,-3.91838
36.68750,1899,-4.60264
36.70000,1897,-3.57625
36.71250,1895,-4.35826
36.72500,1893,-4.16276
36.73750,1889,-3.08749
36.75000,1885,-3.77175
36.76250,1880,-4.65152
36.77500,1875,-4.21163
36.78750,1869,-4.60264
36.80000,1863,-4.11388
36.81251,1855,-3.38074
36.82500,1848,-3.38074
36.83750,1840,-3.62512
36.85000,1831,-3.23411
36.86250,1822,-3.96725
36.87500,1812,-3.28299
36.88750,1803,-3.52737
36.90000,1792,-3.52737
36.91250,1782,-3.18524
36.92500,1771,-3.08749
36.93750,1760,-2.69648
36.95000,1748,-2.69648
36.96250,1737,-2.64760
36.97500,1725,-2.30547
36.98750,1713,-2.35435
37.00000,1702,-1.91447
37.01250,1691,-1.62121
37.02500,1679,-1.32796
37.03750,1668,-1.23021
37.05000,1656,-1.13245
37.06250,1645,-0.64369
37.07500,1633,-0.83920
37.08750,1622,-0.83920
37.10000,1612,-0.49707
37.11250,1601,-0.54594
37.12500,1591,-0.54594
37.13750,1582,-0.05718
37.15000,1572,-0.25269
37.16250,1563,-0.05718
37.17500,1555,0.04057
37.18750,1547,-0.05718
37.20000,1540,0.08944
37.21250,1533,-0.00831
37.22500,1527,0.04057
37.23750,1522,0.04057
37.25000,1517,-0.00831
37.26250,1512,-0.00831
37.27500,1509,-0.00831
37.28750,1506,-0.00831
37.30000,1503,-0.00831
37.31250,1502,0.04057
37.32500,1501,0.04057
37.33750,1501,-0.00831
37.35000,1501,-0.00831
37.36250,1502,-0.00831
37.37500,1504,-0.00831
37.38750,1506,-0.00831
37.40000,1510,-0.00831
37.41250,1513,0.04057
37.42500,1518,0.04057
37.43750,1523,0.04057
37.45001,1529,-0.00831
37.46250,1535,-0.00831
37.47500,1542,0.04057
37.48751,1550,-0.00831
37.50000,1558,0.04057
37.51250,1566,0.04057
37.52500,1575,-0.00831
37.53750,1584,-0.35044
37.55000,1594,-0.25269
37.56250,1604,-0.44819
37.57500,1615,-0.30156
37.58750,1626,-0.44819
37.60000,1637,-0.30156
37.61250,1648,-0.25269
37.62500,1659,-0.44819
37.63750,1671,-0.39932
37.65000,1683,-0.30156
37.66250,1694,-0.35044
37.67500,1700,-0.39932
37.68750,1700,-0.44819
37.70000,1700,-0.79032
37.71250,1700,-0.49707
37.72500,1700,-0.39932
37.73750,1700,-0.88808
37.75000,1700,-0.64369
37.76250,1700,-1.42571
37.77500,1700,-1.71896
37.78750,1700,-1.32796
37.80000,1700,-2.30547
37.81250,1700,-2.10997
37.82500,1700,-1.47459
37.83750,1700,-1.81672
37.85000,1700,-1.81672
37.86250,1700,-1.76784
37.87500,1700,-1.71896
37.88750,1700,-1.96334
37.90000,1700,-1.86559
37.91250,1700,-1.71896
37.92500,1700,-1.62121
37.93750,1700,-2.01222
37.95000,1700,-1.86559
37.96250,1700,-1.86559
37.97500,1700,-1.71896
37.98750,1700,-1.23021
38.00000,1700,-1.86559
38.01250,1700,-1.71896
38.02500,1700,-1.52346
38.03750,1700,-1.96334
38.05000,1700,-1.81672
38.06250,1700,-1.81672
38.07500,1700,-1.91447
38.08750,1700,-1.71896
38.10000,1700,-1.86559
38.11250,1700,-1.86559
38.12500,1700,-1.71896
38.13750,1700,-1.42571
38.15000,1700,-1.96334
38.16250,1700,-1.91447
38.17500,1700,-1.67009
38.18750,1700,-1.86559
38.20000,1700,-1.71896
38.21250,1700,-1.76784
38.22500,1700,-1.76784
38.23750,1700,-1.37683
38.25000,1700,-2.01222
38.26250,1700,-1.86559
38.27500,1700,-1.86559
38.28750,1700,-1.71896
38.30000,1700,-1.86559
38.31250,1700,-1.67009
38.32500,1700,-1.71896
38.33750,1700,-1.86559
38.35000,1700,-1.67009
38.36250,1700,-1.71896
38.37500,1700,-1.37683
38.38750,1700,-1.76784
38.40000,1700,-1.71896
38.41250,1700,-2.01222
38.42500,1700,-1.91447
38.43750,1700,-1.86559
38.45000,1700,-1.71896
38.46250,1700,-1.71896
38.47500,1700,-1.76784
38.48750,1700,-1.71896
38.50000,1700,-1.86559
38.51250,1700,-1.86559
38.52500,1700,-1.57234
38.53750,1700,-1.86559
38.55000,1700,-1.76784
38.56250,1700,-1.91447
38.57500,1700,-1.81672
38.58750,1700,-1.71896
38.60000,1700,-1.62121
38.61250,1700,-2.01222
38.62500,1700,-1.91447
38.63750,1700,-1.27908
38.65000,1700,-1.91447
38.66250,1700,-1.81672
38.67501,1707,-1.86559
38.68750,1723,-1.96334
38.70000,1738,-2.15885
38.71250,1753,-2.40323
38.72500,1768,-1.81672
38.73750,1783,-2.98974
38.75000,1797,-3.03861
38.76250,1810,-2.59873
38.77500,1823,-3.77175
38.78750,1835,-3.72287
38.80000,1846,-3.86950
38.81250,1856,-3.03861
38.82500,1866,-3.03861
38.83750,1874,-3.28299
38.85000,1881,-3.47849
38.86250,1887,-4.70039
38.87501,1892,-4.30938
38.88750,1896,-4.40714
38.90000,1898,-4.79814
38.91250,1899,-4.50489
38.92500,1899,-4.40714
38.93750,1898,-3.47849
38.95000,1896,-4.30938
38.96250,1892,-3.67400
38.97500,1887,-4.79814
38.98750,1881,-2.98974
39.00000,1874,-4.45601
39.01250,1866,-2.94086
39.02500,1857,-3.23411
39.03750,1847,-3.62512
39.05000,1836,-3.08749
39.06250,1824,-3.08749
39.07500,1811,-3.91838
39.08750,1798,-3.28299
39.10000,1784,-3.23411
39.11251,1769,-3.38074
39.12500,1754,-3.13636
39.13750,1739,-2.64760
39.15000,1723,-2.84311
39.16250,1708,-1.67009
39.17500,1693,-1.91447
39.18750,1677,-2.01222
39.20001,1662,-1.42571
39.21250,1647,-1.57234
39.22500,1632,-0.74145
39.23750,1617,-0.69257
39.25000,1603,-0.74145
39.26250,1590,-0.20381
39.27500,1577,-0.25269
39.28750,1565,-0.20381
39.30000,1554,-0.05718
39.31250,1544,0.04057
39.32500,1534,0.04057
39.33750,1526,-0.00831
39.35000,1519,-0.00831
39.36250,1513,-0.00831
39.37500,1508,-0.00831
39.38750,1504,0.04057
39.40000,1502,0.04057
39.41250,1501,0.04057
39.42500,1501,-0.00831
39.43750,1502,0.04057
39.45000,1504,-0.00831
39.46250,1508,-0.00831
39.47500,1513,-0.00831
39.48750,1519,-0.00831
39.50000,1526,-0.00831
39.51250,1534,-0.00831
39.52500,1543,-0.00831
39.53750,1553,-0.00831
39.55000,1564,-0.00831
39.56251,1576,-0.05718
39.57500,1589,-0.00831
39.58750,1602,-0.00831
39.60000,1616,-0.00831
39.61250,1631,-0.00831
39.62500,1646,0.04057
39.63750,1661,-0.25269
39.65000,1677,-0.39932
39.66250,1692,-0.35044
39.67500,1707,-0.25269
39.68750,1723,-0.10606
39.70000,1738,-0.20381
39.71250,1753,-0.15494
39.72500,1768,-0.15494
39.73750,1783,-0.05718
39.75001,1797,-0.05718
39.76250,1810,-0.05718
39.77500,1823,-0.05718
39.78750,1835,-0.10606
39.80000,1846,-0.39932
39.81250,1856,-0.30156
39.82500,1866,-0.98583
39.83750,1874,-1.47459
39.85000,1881,-1.27908
39.86250,1887,-1.91447
39.87500,1892,-2.98974
39.88750,1896,-2.98974
39.90000,1898,-4.11388
39.91250,1899,-3.72287
39.92500,1899,-4.16276
39.93750,1898,-4.74927
39.95000,1896,-4.45601
39.96250,1892,-3.13636
39.97500,1887,-3.42962
39.98750,1881,-4.89589
40.00000,1874,-4.45601
40.01250,1866,-3.33187
40.02500,1857,-4.26051
40.03750,1847,-3.82062
40.05000,1836,-4.16276
40.06250,1824,-3.67400
40.07500,1811,-2.84311
40.08750,1798,-4.11388
40.10000,1784,-3.28299
40.11250,1769,-2.89198
40.12500,1754,-3.18524
40.13750,1739,-2.69648
40.15000,1723,-2.59873
40.16250,1708,-2.20772
40.17500,1693,-2.01222
40.18750,1677,-1.52346
40.20000,1662,-1.37683
40.21250,1647,-1.37683
40.22500,1632,-1.18133
40.23750,1617,-0.64369
40.25000,1603,-0.59482
40.26250,1590,-0.30156
40.27500,1577,-0.05718
40.28750,1565,-0.15494
40.30000,1554,0.08944
40.31250,1544,-0.00831
40.32500,1534,-0.00831
40.33750,1526,0.18719
40.35000,1519,-0.00831
40.36250,1513,0.04057
40.37500,1508,0.04057
40.38750,1504,-0.00831
40.40000,1502,0.04057
40.41250,1501,-0.00831
40.42501,1501,-0.00831
40.43750,1502,-0.00831
40.45000,1504,0.04057
40.46250,1508,0.04057
40.47500,1513,-0.00831
40.48750,1519,-0.00831
40.50000,1526,-0.00831
40.51250,1534,0.04057
40.52500,1543,0.04057
40.53750,1553,0.04057
40.55000,1564,-0.00831
40.56250,1576,-0.00831
40.57500,1589,-0.00831
40.58750,1602,0.04057
40.60000,1616,0.04057
40.61250,1631,0.04057
40.62501,1646,-2.01222
40.63750,1661,-0.35044
40.65000,1677,-0.35044
40.66250,1692,-0.25269
40.67500,1700,-0.20381
40.68750,1700,-0.15494
40.70000,1700,-0.05718
40.71250,1700,-0.15494
40.72500,1700,-0.10606
40.73750,1700,-0.10606
40.75000,1700,-0.15494
40.76250,1700,-0.00831
40.77500,1700,-0.54594
40.78750,1700,-0.30156
40.80000,1700,-0.74145
40.81250,1700,-0.54594
40.82500,1700,-1.42571
40.83750,1700,-1.96334
40.85000,1700,-1.81672
40.86250,1700,-2.25660
40.87500,1700,-1.27908
40.88750,1700,-2.01222
40.90000,1700,-2.06110
40.91250,1700,-1.91447
40.92500,1700,-1.47459
40.93750,1700,-2.10997
40.95000,1700,-1.81672
40.96250,1700,-2.01222
40.97500,1700,-2.15885
40.98750,1700,-1.71896
41.00000,1700,-2.06110
41.01250,1700,-1.71896
41.02500,1700,-2.06110
41.03750,1700,-1.91447
41.05000,1700,-2.10997
41.06250,1700,-2.06110
41.07500,1700,-1.86559
41.08750,1700,-1.96334
41.10000,1700,-1.18133
41.11250,1700,-2.10997
41.12500,1700,-1.91447
41.13750,1700,-2.10997
41.15000,1700,-2.01222
41.16250,1700,-2.01222
41.17500,1700,-1.91447
41.18750,1700,-2.10997
41.20000,1700,-1.96334
41.21250,1700,-1.42571
41.22500,1700,-2.10997
41.23750,1700,-1.32796
41.25000,1700,-1.96334
41.26250,1700,-1.23021
41.27500,1700,-1.96334
41.28750,1700,-1.42571
41.30000,1700,-1.91447
41.31250,1700,-1.57234
41.32500,1700,-1.91447
41.33750,1700,-1.96334
41.35000,1700,-1.86559
41.36250,1700,-2.06110
41.37500,1700,-2.01222
41.38750,1700,-1.96334
41.40000,1700,-1.18133
41.41250,1700,-1.86559
41.42500,1700,-1.27908
41.43750,1700,-2.01222
41.45000,1700,-1.81672
41.46250,1700,-1.81672
41.47500,1700,-1.81672
41.48750,1700,-1.91447
41.50000,1700,-1.62121
41.51250,1700,-1.96334
41.52500,1700,-1.71896
41.53750,1700,-1.86559
41.55000,1700,-1.47459
41.56250,1700,-1.86559
41.57500,1700,-1.91447
41.58750,1700,-2.10997
41.60000,1700,-2.01222
41.61250,1700,-2.10997
41.62500,1700,-1.81672
41.63750,1700,-1.86559
41.65000,1700,-1.71896
41.66250,1700,-1.27908
41.67500,1711,-1.86559
41.68750,1734,-1.32796
41.70000,1757,-2.59873
41.71250,1779,-2.74536
41.72500,1800,-2.89198
41.73750,1820,-3.67400
41.75000,1838,-3.38074
41.76250,1854,-3.18524
41.77500,1868,-3.23411
41.78750,1879,-3.77175
41.80000,1888,-4.06501
41.81250,1895,-3.28299
41.82500,1898,-4.30938
41.83750,1899,-4.65152
41.85000,1898,-4.06501
41.86250,1893,-3.72287
41.87500,1886,-3.72287
41.88750,1876,-4.55376
41.90000,1864,-3.18524
41.91250,1849,-3.13636
41.92500,1833,-2.84311
41.93750,1814,-4.16276
41.95000,1794,-3.42962
41.96250,1773,-2.54985
41.97500,1751,-3.08749
41.98750,1728,-2.94086
42.00000,1704,-1.62121
42.01250,1682,-2.35435
42.02500,1658,-1.71896
42.03750,1636,-0.98583
42.05000,1614,-1.13245
42.06251,1593,-0.30156
42.07500,1574,-0.00831
42.08750,1557,-0.15494
42.10000,1541,0.08944
42.11250,1528,0.04057
42.12500,1518,-0.00831
42.13750,1509,0.04057
42.15000,1504,0.04057
42.16250,1501,-0.00831
42.17500,1501,-0.00831
42.18750,1503,0.04057
42.20000,1509,0.04057
42.21250,1517,-0.00831
42.22500,1528,0.04057
42.23750,1541,-0.00831
42.25000,1556,0.04057
42.26250,1573,-0.00831
42.27500,1592,-0.05718
42.28750,1613,-0.00831
42.30000,1634,-0.00831
42.31250,1657,-0.05718
42.32500,1680,-0.00831
42.33750,1703,-0.00831
42.35000,1726,0.04057
42.36250,1749,-0.00831
42.37500,1772,-0.00831
42.38750,1793,-0.05718
42.40000,1813,0.04057
42.41250,1832,-0.00831
42.42500,1849,-3.86950
42.43750,1863,-0.54594
42.45000,1876,-0.35044
42.46250,1885,-0.35044
42.47500,1893,-0.35044
42.48750,1898,-0.25269
42.50000,1899,-0.15494
42.51250,1899,-0.10606
42.52500,1895,-0.10606
42.53750,1889,-0.10606
42.55000,1880,-0.05718
42.56250,1868,-0.10606
42.57500,1855,-0.05718
42.58750,1839,-0.05718
42.60000,1821,-0.39932
42.61250,1801,-0.30156
42.62500,1780,-0.69257
42.63750,1758,-1.62121
42.65000,1735,-1.52346
42.66250,1712,-1.86559
42.67500,1689,-2.59873
42.68750,1666,-2.54985
42.70000,1643,-1.62121
42.71250,1621,-1.37683
42.72500,1600,-0.93695
42.73750,1580,-0.25269
42.75000,1562,-0.20381
42.76250,1546,0.04057
42.77500,1532,0.13832
42.78750,1521,0.08944
42.80000,1512,0.04057
42.81250,1505,0.04057
42.82500,1502,0.04057
42.83750,1501,0.04057
42.85000,1502,-0.00831
42.86250,1507,0.04057
42.87500,1514,-0.00831
42.88750,1524,0.04057
42.90000,1536,-0.00831
42.91250,1551,0.04057
42.92500,1567,0.04057
42.93750,1586,0.04057
42.95001,1606,0.04057
42.96250,1627,-0.00831
42.97500,1649,-0.00831
42.98750,1672,-0.00831
43.00000,1696,-0.00831
43.01250,1700,0.04057
43.02500,1700,-0.00831
43.03750,1700,-0.00831
43.05000,1700,-0.00831
43.06250,1700,-0.00831
43.07500,1700,-0.00831
43.08750,1700,-4.40714
43.10000,1700,-0.35044
43.11250,1700,-0.25269
43.12500,1700,-0.15494
43.13750,1700,-0.10606
43.15000,1700,-0.10606
43.16250,1700,-0.10606
43.17500,1700,-0.15494
43.18750,1700,-0.10606
43.20000,1700,-0.00831
43.21250,1700,-0.10606
43.22500,1700,-0.05718
43.23750,1700,-0.39932
43.25000,1700,-0.30156
43.26250,1700,-1.08358
43.27500,1700,-1.52346
43.28750,1700,-1.23021
43.30000,1700,-2.35435
43.31250,1700,-1.47459
43.32500,1700,-2.30547
43.33750,1700,-1.47459
43.35000,1700,-2.06110
43.36250,1700,-1.91447
43.37500,1700,-2.15885
43.38750,1700,-1.96334
43.40000,1700,-1.86559
43.41250,1700,-2.01222
43.42500,1700,-2.06110
43.43750,1700,-1.91447
43.45000,1700,-2.06110
43.46250,1700,-1.42571
43.47500,1700,-2.06110
43.48750,1700,-2.10997
43.50000,1700,-1.37683
43.51250,1700,-1.96334
43.52500,1700,-2.15885
43.53750,1700,-1.37683
43.55000,1700,-1.86559
43.56250,1700,-2.10997
43.57500,1700,-1.62121
43.58750,1700,-2.01222
43.60000,1700,-2.01222
43.61250,1700,-2.15885
43.62500,1700,-1.81672
43.63750,1700,-2.06110
43.65000,1700,-1.96334
43.66250,1700,-2.20772
43.67500,1700,-1.62121
43.68750,1700,-2.01222
43.70000,1700,-1.91447
43.71250,1700,-2.06110
43.72500,1700,-1.81672
43.73750,1700,-2.06110
43.75000,1700,-1.91447
43.76250,1700,-2.06110
43.77500,1700,-1.67009
43.78750,1700,-2.01222
43.80000,1700,-2.06110
43.81250,1700,-2.06110
43.82500,1700,-1.86559
43.83750,1700,-2.06110
43.85000,1700,-2.06110
43.86250,1700,-2.01222
43.87500,1700,-1.91447
43.88750,1700,-2.06110
43.90000,1700,-2.06110
43.91250,1700,-2.06110
43.92500,1700,-1.86559
43.93750,1700,-2.06110
43.95000,1700,-2.06110
43.96250,1700,-2.10997
43.97500,1700,-1.91447
43.98750,1700,-2.01222
44.00000,1700,-1.96334
44.01250,1724,-2.06110
44.02500,1755,-1.96334
44.03750,1785,-2.59873
44.05000,1812,-3.08749
44.06250,1836,-3.86950
44.07500,1857,-4.06501
44.08750,1875,-4.30938
44.10000,1888,-4.84702
44.11250,1896,-4.74927
44.12500,1899,-3.96725
44.13750,1898,-3.28299
44.15000,1892,-3.52737
44.16250,1880,-2.89198
44.17500,1865,-3.86950
44.18750,1845,-4.30938
44.20000,1822,-3.57625
44.21250,1796,-3.42962
44.22500,1767,-3.67400
44.23750,1737,-3.23411
44.25000,1706,-2.98974
44.26250,1676,-1.91447
44.27500,1645,-1.18133
44.28750,1615,-1.32796
44.30000,1588,-0.15494
44.31250,1564,-0.35044
44.32500,1543,-0.15494
44.33750,1525,0.28495
44.35000,1512,0.08944
44.36250,1504,-0.00831
44.37500,1501,-0.00831
44.38750,1502,0.04057
44.40000,1508,-0.00831
44.41250,1519,-0.00831
44.42500,1535,-0.00831
44.43750,1555,-0.05718
44.45000,1578,-0.00831
44.46250,1604,0.04057
44.47500,1633,0.04057
44.48750,1663,-0.00831
44.50000,1694,0.04057
44.51250,1724,-0.00831
44.52500,1755,0.04057
44.53750,1785,0.04057
44.55000,1812,0.04057
44.56250,1836,-0.00831
44.57500,1857,-0.00831
44.58750,1875,-0.00831
44.60000,1888,-0.00831
44.61250,1896,-0.00831
44.62500,1899,-0.00831
44.63750,1898,-0.00831
44.65000,1892,-5.38465
44.66250,1881,-0.39932
44.67500,1865,-0.05718
44.68750,1845,-0.35044
44.70000,1822,-0.15494
44.71250,1796,-0.10606
44.72500,1767,-0.15494
44.73750,1737,-0.05718
44.75000,1706,-0.05718
44.76250,1676,-0.05718
44.77500,1645,-0.10606
44.78750,1615,-0.05718
44.80000,1588,-0.35044
44.81250,1564,-0.30156
44.82500,1543,-0.59482
44.83750,1525,0.13832
44.85000,1512,-0.00831
44.86250,1504,0.04057
44.87500,1501,-0.00831
44.88751,1502,-0.00831
44.90000,1508,-0.00831
44.91250,1519,-0.00831
44.92500,1535,-0.00831
44.93750,1555,-0.05718
44.95000,1578,-0.05718
44.96250,1604,-0.59482
44.97500,1633,-1.27908
44.98750,1663,-1.27908
45.00000,1694,-1.86559
45.01250,1700,-1.76784
45.02500,1700,-2.35435
45.03750,1700,-2.20772
45.05000,1700,-2.10997
45.06250,1700,-2.10997
45.07500,1700,-2.10997
45.08750,1700,-1.91447
45.10000,1700,-1.96334
45.11250,1700,-2.06110
45.12500,1700,-1.81672
45.13750,1700,-1.81672
45.15000,1700,-2.01222
45.16250,1700,-2.01222
45.17500,1700,-1.62121
45.18750,1700,-1.96334
45.20000,1700,-1.71896
45.21250,1700,-2.01222
45.22500,1700,-1.81672
45.23750,1700,-1.86559
45.25000,1700,-2.06110
45.26250,1700,-1.57234
45.27500,1700,-1.81672
45.28750,1700,-1.23021
45.30000,1700,-1.91447
45.31250,1700,-1.76784
45.32500,1700,-2.01222
45.33750,1700,-1.96334
45.35000,1700,-1.47459
45.36250,1700,-1.81672
45.37500,1700,-1.37683
45.38750,1700,-1.81672
45.40000,1700,-1.81672
45.41250,1700,-1.96334
45.42500,1700,-1.96334
45.43750,1700,-1.76784
45.45000,1700,-1.47459
45.46250,1700,-1.71896
45.47500,1700,-1.71896
45.48750,1700,-1.86559
45.50000,1700,-1.86559
45.51250,1700,-1.67009
45.52500,1700,-1.96334
45.53750,1700,-1.76784
45.55000,1700,-1.86559
45.56250,1700,-1.91447
45.57500,1700,-1.96334
45.58750,1700,-1.86559
45.60000,1700,-1.96334
45.61250,1700,-1.76784
45.62500,1700,-1.96334
45.63750,1700,-1.42571
45.65000,1700,-1.81672
45.66250,1700,-2.15885
45.67500,1700,-1.76784
45.68750,1700,-2.06110
45.70000,1700,-1.62121
45.71250,1700,-1.96334
45.72500,1700,-2.06110
45.73750,1700,-1.91447
45.75000,1700,-2.10997
45.76250,1700,-1.86559
45.77500,1700,-1.91447
45.78750,1700,-1.96334
45.80000,1700,-1.62121
45.81250,1700,-2.01222
45.82500,1700,-2.25660
45.83750,1700,-1.91447
45.85000,1700,-1.71896
45.86250,1700,-2.01222
45.87500,1700,-2.06110
45.88750,1700,-1.91447
45.90000,1700,-1.91447
45.91250,1700,-1.91447
45.92500,1700,-1.96334
45.93750,1700,-2.01222
45.95000,1700,-2.10997
45.96250,1700,-1.86559
45.97500,1700,-2.06110
45.98750,1700,-1.71896
46.00000,1700,-2.10997
