0.012504,1600,-0.003910
0.025000,1600,-0.003910
0.037500,1600,-0.003910
0.050008,1600,-0.003910
0.062500,1600,-0.003910
0.075000,1600,-0.003910
0.087500,1600,-0.003910
0.100004,1600,-0.003910
0.112500,1600,-0.003910
0.125004,1600,-0.003910
0.137504,1600,-0.003910
0.150004,1600,-0.297165
0.162500,1600,-0.346041
0.175000,1600,-0.248289
0.187500,1600,-0.101662
0.200004,1600,-0.199413
0.212504,1600,-0.150537
0.225000,1600,-0.052786
0.237500,1600,-0.150537
0.250008,1600,-0.101662
0.262504,1600,-0.101662
0.275004,1600,-0.101662
0.287504,1600,-0.394917
0.300004,1600,-0.248289
0.312500,1600,-0.590420
0.325004,1600,-0.492668
0.337500,1600,-0.541544
0.350004,1600,-0.443792
0.362508,1600,-0.492668
0.375004,1600,-0.394917
0.387500,1600,-0.394917
0.400000,1600,-0.394917
0.412500,1600,-0.443792
0.425004,1600,-0.346041
0.437504,1600,-0.346041
0.450000,1600,-0.346041
0.462508,1600,-0.394917
0.475000,1600,-0.492668
0.487500,1600,-0.443792
0.500004,1600,-0.394917
0.512508,1600,-0.346041
0.525004,1600,-0.346041
0.537504,1600,-0.394917
0.550008,1600,-0.346041
0.562504,1600,-0.443792
0.575004,1600,-0.541544
0.587500,1600,-0.541544
0.600000,1600,-0.590420
0.612508,1600,-0.443792
0.625000,1600,-0.346041
0.637504,1600,-0.394917
0.650000,1600,-0.443792
0.662500,1600,-0.443792
0.675004,1600,-0.541544
0.687500,1600,-0.541544
0.700004,1600,-0.492668
0.712504,1600,-0.297165
0.725000,1600,-0.394917
0.737500,1600,-0.443792
0.750000,1600,-0.394917
0.762500,1600,-0.492668
0.775000,1600,-0.541544
0.787500,1600,-0.541544
0.800000,1600,-0.541544
0.812500,1600,-0.590420
0.825004,1600,-0.541544
0.837504,1600,-0.443792
0.850000,1600,-0.346041
0.862504,1600,-0.394917
0.875000,1600,-0.541544
0.887500,1600,-0.443792
0.900004,1600,-0.492668
0.912500,1600,-0.541544
0.925000,1600,-0.492668
0.937504,1600,-0.443792
0.950004,1600,-0.346041
0.962504,1600,-0.394917
0.975004,1600,-0.443792
0.987508,1600,-0.394917
1.000004,1600,-0.394917
1.012500,1600,-0.443792
1.025000,1600,-0.443792
1.037504,1600,-0.541544
1.050004,1600,-0.541544
1.062500,1600,-0.492668
1.075004,1600,-0.443792
1.087500,1600,-0.346041
1.100004,1600,-0.248289
1.112504,1600,-0.346041
1.125000,1600,-0.346041
1.137508,1600,-0.394917
1.150000,1600,-0.394917
1.162504,1600,-0.346041
1.175004,1600,-0.443792
1.187504,1600,-0.492668
1.200000,1600,-0.443792
1.212504,1600,-0.394917
1.225004,1600,-0.297165
1.237504,1600,-0.346041
1.250000,1600,-0.346041
1.262504,1600,-0.346041
1.275000,1600,-0.346041
1.287504,1600,-0.492668
1.300000,1600,-0.443792
1.312504,1600,-0.443792
1.325000,1600,-0.443792
1.337500,1600,-0.443792
1.350000,1600,-0.346041
1.362504,1600,-0.346041
1.375004,1600,-0.346041
1.387500,1600,-0.394917
1.400004,1600,-0.297165
1.412504,1600,-0.346041
1.425004,1600,-0.443792
1.437500,1600,-0.394917
1.450004,1600,-0.443792
1.462504,1600,-0.443792
1.475004,1600,-0.492668
1.487504,1600,-0.492668
1.500000,1600,-0.297165
1.512500,1600,-0.297165
1.525004,1600,-0.394917
1.537500,1600,-0.394917
1.550004,1600,-0.346041
1.562500,1600,-0.492668
1.575000,1600,-0.346041
1.587504,1600,-0.346041
1.600004,1600,-0.443792
1.612500,1600,-0.492668
1.625004,1600,-0.492668
1.637500,1600,-0.541544
1.650000,1600,-0.492668
1.662500,1600,-0.443792
1.675000,1600,-0.297165
1.687500,1600,-0.394917
1.700004,1600,-0.443792
1.712504,1600,-0.394917
1.725004,1600,-0.346041
1.737504,1600,-0.492668
1.750000,1600,-0.492668
1.762504,1600,-0.492668
1.775004,1600,-0.492668
1.787504,1600,-0.492668
1.800000,1600,-0.492668
1.812504,1600,-0.541544
1.825000,1600,-0.492668
1.837500,1600,-0.443792
1.850000,1600,-0.248289
1.862508,1600,-0.248289
1.875004,1600,-0.443792
1.887500,1600,-0.394917
1.900004,1600,-0.394917
1.912500,1600,-0.492668
1.925004,1600,-0.443792
1.937504,1600,-0.394917
1.950004,1600,-0.590420
1.962504,1600,-0.541544
1.975004,1600,-0.541544
1.987504,1600,-0.541544
2.000000,1600,-0.541544
2.012504,1500,-0.492668
2.025000,1500,-0.443792
2.037504,1500,0.240469
2.050000,1500,0.044966
2.062504,1500,-0.003910
2.075000,1500,-0.003910
2.087504,1500,-0.003910
2.100004,1500,-0.003910
2.112504,1500,-0.003910
2.125000,1500,-0.003910
2.137500,1500,0.044966
2.150004,1500,-0.003910
2.162504,1500,-0.003910
2.175000,1500,-0.003910
2.187500,1500,-0.003910
2.200000,1500,0.044966
2.212504,1500,-0.003910
2.225000,1500,-0.003910
2.237500,1500,-0.003910
2.250000,1500,-0.003910
2.262504,1500,-0.052786
2.275004,1500,-0.003910
2.287504,1500,0.044966
2.300004,1500,-0.003910
2.312504,1500,-0.003910
2.325000,1500,-0.003910
2.337504,1500,0.044966
2.350004,1500,-0.003910
2.362504,1500,-0.003910
2.375004,1500,-0.003910
2.387504,1500,-0.003910
2.400000,1500,0.044966
2.412500,1500,-0.003910
2.425000,1500,-0.052786
2.437504,1500,-0.003910
2.450004,1500,-0.003910
2.462500,1500,-0.052786
2.475000,1500,-0.003910
2.487500,1500,0.044966
2.500004,1500,-0.003910
2.512500,1500,-0.003910
2.525000,1500,-0.003910
2.537504,1500,-0.052786
2.550004,1500,-0.003910
2.562504,1500,-0.052786
2.575000,1500,0.044966
2.587504,1500,-0.003910
2.600000,1500,-0.003910
2.612504,1500,-0.003910
2.625000,1500,0.044966
2.637500,1500,-0.052786
2.650004,1500,0.044966
2.662500,1500,-0.003910
2.675000,1500,-0.003910
2.687500,1500,-0.003910
2.700000,1500,-0.003910
2.712504,1500,-0.003910
2.725000,1500,-0.003910
2.737500,1500,-0.003910
2.750000,1500,-0.003910
2.762504,1500,-0.003910
2.775000,1500,-0.052786
2.787504,1500,-0.003910
2.800000,1500,-0.003910
2.812504,1500,-0.003910
2.825000,1500,-0.003910
2.837500,1500,0.044966
2.850004,1500,-0.003910
2.862500,1500,0.044966
2.875004,1500,-0.003910
2.887504,1500,-0.003910
2.900000,1500,-0.003910
2.912504,1500,-0.003910
2.925000,1500,0.044966
2.937504,1500,-0.003910
2.950004,1500,-0.003910
2.962500,1500,-0.003910
2.975000,1500,-0.003910
2.987504,1500,-0.003910
3.000004,1500,-0.003910
3.012500,1600,-0.003910
3.025012,1600,-0.003910
3.037504,1600,-0.003910
3.050004,1600,-0.003910
3.062504,1600,-0.003910
3.075004,1600,-0.003910
3.087500,1600,-0.003910
3.100004,1600,-0.003910
3.112500,1600,-0.003910
3.125004,1600,-0.003910
3.137504,1600,-0.346041
3.150000,1600,-0.394917
3.162504,1600,-0.394917
3.175004,1600,-0.297165
3.187500,1600,-0.101662
3.200004,1600,-0.150537
3.212500,1600,-0.150537
3.225000,1600,-0.101662
3.237500,1600,-0.199413
3.250004,1600,-0.052786
3.262504,1600,-0.052786
3.275000,1600,-0.101662
3.287500,1600,-0.443792
3.300004,1600,-0.346041
3.312500,1600,-0.834801
3.325000,1600,-0.639296
3.337504,1600,-0.737047
3.350000,1600,-0.541544
3.362500,1600,-0.443792
3.375000,1600,-0.394917
3.387508,1600,-0.443792
3.400000,1600,-0.346041
3.412504,1600,-0.443792
3.425004,1600,-0.394917
3.437504,1600,-0.443792
3.450004,1600,-0.394917
3.462500,1600,-0.394917
3.475004,1600,-0.394917
3.487508,1600,-0.492668
3.500000,1600,-0.443792
3.512504,1600,-0.443792
3.525000,1600,-0.394917
3.537504,1600,-0.248289
3.550004,1600,-0.443792
3.562504,1600,-0.394917
3.575000,1600,-0.394917
3.587500,1600,-0.394917
3.600004,1600,-0.394917
3.612508,1600,-0.492668
3.625000,1600,-0.541544
3.637500,1600,-0.443792
3.650000,1600,-0.541544
3.662500,1600,-0.492668
3.675000,1600,-0.541544
3.687500,1600,-0.443792
3.700004,1600,-0.297165
3.712508,1600,-0.346041
3.725004,1600,-0.492668
3.737504,1600,-0.394917
3.750008,1600,-0.394917
3.762504,1600,-0.443792
3.775004,1600,-0.443792
3.787504,1600,-0.443792
3.800004,1600,-0.492668
3.812500,1600,-0.492668
3.825000,1600,-0.492668
3.837500,1600,-0.590420
3.850000,1600,-0.541544
3.862500,1600,-0.492668
3.875000,1600,-0.394917
3.887500,1600,-0.248289
3.900000,1600,-0.394917
3.912500,1600,-0.346041
3.925000,1600,-0.297165
3.937504,1600,-0.346041
3.950000,1600,-0.443792
3.962500,1600,-0.394917
3.975004,1600,-0.443792
3.987504,1600,-0.394917
4.000004,1600,-0.394917
4.012504,1500,-0.443792
4.025000,1500,-0.443792
4.037500,1500,0.044966
4.050004,1500,-0.003910
4.062500,1500,-0.003910
4.075004,1500,-0.003910
4.087500,1500,-0.052786
4.100004,1500,-0.003910
4.112504,1500,-0.003910
4.125004,1500,-0.003910
4.137504,1500,-0.003910
4.150000,1500,-0.003910
4.162500,1500,-0.003910
4.175000,1500,-0.003910
4.187500,1500,-0.003910
4.200000,1500,-0.003910
4.212504,1500,-0.003910
4.225000,1500,-0.003910
4.237500,1500,-0.003910
4.250000,1500,-0.003910
4.262504,1500,-0.003910
4.275000,1500,-0.003910
4.287500,1500,-0.003910
4.300004,1500,-0.003910
4.312504,1500,-0.003910
4.325000,1500,-0.003910
4.337500,1500,0.044966
4.350004,1500,-0.003910
4.362504,1500,-0.003910
4.375004,1500,-0.003910
4.387504,1500,-0.003910
4.400000,1500,-0.003910
4.412504,1500,-0.003910
4.425000,1500,-0.003910
4.437500,1500,0.044966
4.450004,1500,-0.003910
4.462500,1500,-0.003910
4.475000,1500,-0.003910
4.487500,1500,-0.003910
4.500000,1500,-0.003910
4.512500,1500,-0.003910
4.525000,1500,-0.003910
4.537504,1500,-0.003910
4.550004,1500,-0.003910
4.562504,1500,-0.003910
4.575004,1500,-0.003910
4.587504,1500,0.044966
4.600004,1500,-0.003910
4.612500,1500,-0.003910
4.625004,1500,-0.052786
4.637500,1500,-0.003910
4.650000,1500,-0.003910
4.662504,1500,-0.003910
4.675004,1500,0.044966
4.687500,1500,-0.003910
4.700000,1500,-0.003910
4.712504,1500,0.044966
4.725004,1500,-0.003910
4.737504,1500,-0.003910
4.750004,1500,-0.003910
4.762500,1500,-0.003910
4.775000,1500,-0.003910
4.787500,1500,-0.003910
4.800000,1500,-0.003910
4.812500,1500,-0.003910
4.825000,1500,0.044966
4.837504,1500,-0.003910
4.850004,1500,-0.003910
4.862500,1500,-0.003910
4.875000,1500,-0.003910
4.887504,1500,-0.003910
4.900004,1500,0.044966
4.912500,1500,-0.003910
4.925000,1500,0.044966
4.937504,1500,-0.003910
4.950004,1500,-0.003910
4.962500,1500,-0.003910
4.975000,1500,-0.003910
4.987504,1500,-0.003910
5.000000,1500,-0.003910
5.012504,1600,-0.003910
5.025000,1600,-0.003910
5.037504,1600,-0.052786
5.050004,1600,-0.003910
5.062500,1600,-0.003910
5.075000,1600,-0.003910
5.087500,1600,0.044966
5.100000,1600,-0.003910
5.112504,1600,-0.003910
5.125000,1600,-0.003910
5.137504,1600,-1.372435
5.150004,1600,-0.394917
5.162500,1600,-0.394917
5.175004,1600,-0.297165
5.187500,1600,-0.297165
5.200004,1600,-0.150537
5.212500,1600,-0.101662
5.225004,1600,-0.150537
5.237504,1600,-0.101662
5.250004,1600,-0.248289
5.262500,1600,-0.052786
5.275004,1600,-0.101662
5.287500,1600,-0.443792
5.300004,1600,-0.248289
5.312500,1600,-0.639296
5.325004,1600,-0.541544
5.337500,1600,-0.443792
5.350000,1600,-0.443792
5.362500,1600,-0.394917
5.375004,1600,-0.346041
5.387500,1600,-0.346041
5.400000,1600,-0.443792
5.412504,1600,-0.492668
5.425000,1600,-0.541544
5.437504,1600,-0.492668
5.450004,1600,-0.492668
5.462504,1600,-0.443792
5.475004,1600,-0.394917
5.487500,1600,-0.394917
5.500008,1600,-0.492668
5.512504,1500,-0.443792
5.525004,1500,-0.492668
5.537500,1500,0.044966
5.550000,1500,-0.003910
5.562504,1500,-0.003910
5.575004,1500,-0.003910
5.587504,1500,-0.003910
5.600000,1500,-0.003910
5.612500,1500,-0.003910
5.625000,1500,-0.003910
5.637500,1500,0.044966
5.650004,1500,-0.003910
5.662500,1500,-0.003910
5.675004,1500,-0.003910
5.687504,1500,0.044966
5.700000,1500,-0.003910
5.712504,1500,-0.052786
5.725000,1500,-0.003910
5.737500,1500,0.044966
5.750000,1500,-0.003910
5.762504,1500,-0.003910
5.775004,1500,-0.003910
5.787504,1500,-0.003910
5.800000,1500,-0.003910
5.812504,1500,-0.003910
5.825004,1500,-0.003910
5.837504,1500,-0.003910
5.850004,1500,-0.003910
5.862500,1500,-0.003910
5.875000,1500,-0.003910
5.887504,1500,-0.003910
5.900004,1500,-0.003910
5.912500,1500,0.044966
5.925004,1500,-0.003910
5.937500,1500,0.044966
5.950004,1500,-0.003910
5.962500,1500,-0.003910
5.975000,1500,-0.003910
5.987504,1500,-0.003910
6.000000,1500,-0.003910
6.012500,1500,-0.003910
6.025000,1500,-0.003910
6.037504,1500,-0.003910
6.050000,1500,-0.003910
6.062500,1500,-0.003910
6.075000,1500,-0.003910
6.087504,1500,-0.003910
6.100004,1500,-0.003910
6.112504,1500,-0.003910
6.125000,1500,-0.003910
6.137500,1500,-0.003910
6.150000,1500,-0.003910
6.162500,1500,0.044966
6.175000,1500,0.044966
6.187504,1500,-0.052786
6.200004,1500,-0.052786
6.212500,1500,-0.003910
6.225008,1500,-0.003910
6.237500,1500,-0.003910
6.250000,1500,-0.003910
6.262504,1500,-0.003910
6.275000,1500,-0.003910
6.287504,1500,-0.003910
6.300000,1500,-0.052786
6.312504,1500,-0.003910
6.325000,1500,-0.003910
6.337500,1500,-0.003910
6.350000,1500,-0.003910
6.362500,1500,-0.003910
6.375000,1500,-0.003910
6.387500,1500,-0.003910
6.400000,1500,-0.003910
6.412504,1500,-0.003910
6.425000,1500,-0.003910
6.437500,1500,-0.003910
6.450000,1500,0.044966
6.462500,1500,-0.003910
6.475000,1500,-0.003910
6.487500,1500,-0.003910
6.500000,1500,0.044966
6.512500,1600,-0.003910
6.525000,1600,-0.003910
6.537500,1600,-0.003910
6.550004,1600,0.044966
6.562504,1600,0.044966
6.575004,1600,-0.003910
6.587508,1600,-0.003910
6.600004,1600,-0.003910
6.612500,1600,-0.003910
6.625000,1600,-0.003910
6.637500,1600,-1.763442
6.650000,1600,-0.346041
6.662504,1600,-0.346041
6.675000,1600,-0.199413
6.687500,1600,-0.199413
6.700004,1600,-0.150537
6.712504,1600,-0.101662
6.725000,1600,-0.199413
6.737504,1600,-0.052786
6.750000,1600,-0.101662
6.762500,1500,-0.101662
6.775004,1500,-0.003910
6.787504,1500,-0.003910
6.800000,1500,-0.003910
6.812504,1500,-0.003910
6.825000,1500,-0.052786
6.837500,1500,-0.052786
6.850004,1500,-0.003910
6.862500,1500,-0.003910
6.875000,1500,-0.003910
6.887500,1500,-0.003910
6.900004,1500,-0.003910
6.912504,1500,-0.003910
6.925000,1500,-0.052786
6.937500,1500,-0.052786
6.950004,1500,-0.003910
6.962500,1500,-0.003910
6.975000,1500,-0.003910
6.987500,1500,-0.052786
7.000000,1500,-0.003910
7.012504,1500,-0.052786
7.025000,1500,-0.052786
7.037500,1500,-0.003910
7.050004,1500,-0.003910
7.062500,1500,-0.052786
7.075000,1500,-0.003910
7.087504,1500,-0.003910
7.100004,1500,-0.003910
7.112504,1500,-0.003910
7.125008,1500,-0.052786
7.137504,1500,-0.003910
7.150000,1500,-0.003910
7.162504,1500,-0.052786
7.175004,1500,-0.003910
7.187500,1500,-0.003910
7.200004,1500,-0.052786
7.212500,1500,-0.003910
7.225004,1500,-0.052786
7.237500,1500,-0.052786
7.250000,1500,-0.052786
7.262500,1500,-0.052786
7.275000,1500,-0.003910
7.287500,1500,-0.052786
7.300000,1500,-0.003910
7.312504,1500,-0.052786
7.325000,1500,-0.003910
7.337500,1500,-0.003910
7.350000,1500,-0.003910
7.362500,1500,-0.003910
7.375000,1500,-0.003910
7.387500,1500,-0.052786
7.400000,1500,-0.003910
7.412504,1500,-0.003910
7.425004,1500,-0.003910
7.437504,1500,-0.003910
7.450004,1500,0.044966
7.462500,1500,-0.003910
7.475000,1500,-0.003910
7.487500,1500,-0.003910
7.500004,1500,-0.052786
7.512500,1500,0.044966
7.525000,1500,-0.003910
7.537500,1500,-0.003910
7.550000,1500,-0.052786
7.562504,1500,0.044966
7.575000,1500,-0.003910
7.587500,1500,-0.052786
7.600000,1500,-0.003910
7.612504,1500,-0.003910
7.625000,1500,0.044966
7.637504,1500,-0.003910
7.650004,1500,-0.003910
7.662500,1500,-0.003910
7.675000,1500,-0.003910
7.687500,1500,-0.003910
7.700000,1500,-0.003910
7.712504,1500,-0.003910
7.725000,1500,-0.003910
7.737500,1500,-0.003910
7.750000,1500,-0.003910
7.762500,1600,-0.003910
7.775004,1600,-0.003910
7.787500,1600,-0.052786
7.800004,1600,0.044966
7.812504,1600,-0.052786
7.825004,1600,-0.003910
7.837504,1600,-0.003910
7.850004,1600,-0.003910
7.862500,1600,-0.003910
7.875004,1600,-1.372435
7.887500,1500,-0.492668
7.900004,1500,-0.248289
7.912504,1500,-0.003910
7.925004,1500,-0.003910
7.937504,1500,-0.003910
7.950004,1500,-0.003910
7.962504,1500,-0.003910
7.975000,1500,-0.052786
7.987504,1500,-0.003910
8.000000,1500,-0.052786
8.012500,1500,-0.003910
8.025005,1500,-0.052786
8.037505,1500,-0.003910
8.050001,1500,-0.003910
8.062504,1500,-0.052786
8.075000,1500,-0.052786
8.087505,1500,-0.003910
8.100001,1500,-0.052786
8.112501,1500,-0.052786
8.125000,1500,-0.003910
8.137504,1500,-0.052786
8.150000,1500,-0.003910
8.162501,1500,-0.003910
8.175004,1500,-0.052786
8.187500,1500,-0.052786
8.200004,1500,-0.003910
8.212500,1500,-0.052786
8.225001,1500,-0.052786
8.237501,1500,-0.003910
8.250004,1500,-0.052786
8.262504,1500,-0.003910
8.275005,1500,-0.052786
8.287501,1500,-0.003910
8.300004,1500,-0.052786
8.312504,1500,-0.052786
8.325004,1500,-0.003910
8.337505,1500,-0.003910
8.350005,1500,-0.052786
8.362501,1500,-0.003910
8.375004,1500,-0.052786
8.387500,1500,-0.003910
8.400000,1500,-0.052786
8.412501,1500,-0.003910
8.425001,1500,-0.003910
8.437504,1500,-0.003910
8.450000,1500,-0.003910
8.462500,1500,-0.003910
8.475005,1500,-0.003910
8.487501,1500,-0.052786
8.500000,1500,-0.052786
8.512500,1500,-0.052786
8.525005,1500,-0.003910
8.537501,1500,-0.052786
8.550001,1500,-0.052786
8.562500,1500,-0.003910
8.575004,1500,-0.052786
8.587500,1500,-0.052786
8.600005,1500,-0.052786
8.612504,1500,-0.052786
8.625004,1500,-0.052786
8.637504,1500,-0.052786
8.650000,1500,-0.003910
8.662501,1500,-0.052786
8.675001,1500,-0.003910
8.687504,1500,-0.003910
8.700004,1500,-0.052786
8.712505,1500,-0.052786
8.725005,1500,-0.003910
8.737504,1500,-0.052786
8.750000,1500,-0.003910
8.762500,1500,-0.003910
8.775005,1500,-0.003910
8.787501,1500,-0.052786
8.800004,1500,-0.052786
8.812504,1500,-0.003910
8.825004,1500,-0.003910
8.837500,1500,-0.003910
8.850005,1500,-0.003910
8.862501,1500,-0.052786
8.875004,1500,-0.003910
8.887504,1700,-0.003910
8.900005,1700,-0.003910
8.912505,1700,-0.003910
8.925004,1700,-0.003910
8.937500,1700,-0.003910
8.950000,1700,-0.003910
8.962500,1700,-0.003910
8.975001,1700,0.044966
8.987504,1700,-0.003910
9.000000,1700,-0.052786
9.012504,1700,-0.003910
9.025000,1700,0.044966
9.037505,1700,-0.003910
9.050004,1700,-0.003910
9.062500,1700,0.044966
9.075000,1700,-0.003910
9.087505,1700,-0.003910
9.100001,1700,-0.003910
9.112501,1700,-0.443792
9.125000,1700,-0.394917
9.137500,1700,-0.346041
9.150005,1700,-0.248289
9.162501,1700,-0.199413
9.175001,1700,-0.150537
9.187500,1700,-0.101662
9.200000,1700,-0.199413
9.212500,1700,-0.052786
9.225005,1700,-0.150537
9.237501,1700,-0.101662
9.250004,1700,-0.443792
9.262504,1700,-0.394917
9.275005,1700,-0.688171
9.287505,1700,-1.519062
9.300001,1700,-1.470187
9.312504,1700,-1.910069
9.325004,1700,-1.714566
9.337500,1700,-2.643206
9.350005,1700,-2.398827
9.362501,1700,-2.447703
9.375000,1700,-2.154448
9.387500,1700,-2.105572
9.400005,1700,-1.519062
9.412501,1700,-1.958945
9.425012,1700,-2.301075
9.437504,1700,-2.105572
9.450000,1700,-1.421311
9.462505,1700,-1.958945
9.475001,1700,-2.154448
9.487501,1700,-2.056696
9.500000,1700,-1.910069
9.512504,1700,-2.007821
9.525005,1700,-2.105572
9.537505,1700,-2.154448
9.550001,1700,-2.007821
9.562500,1700,-2.056696
9.575004,1700,-1.421311
9.587505,1700,-2.154448
9.600005,1700,-2.056696
9.612501,1700,-2.252200
9.625000,1700,-2.252200
9.637500,1700,-2.105572
9.650000,1700,-1.470187
9.662501,1700,-2.203324
9.675001,1700,-2.154448
9.687500,1700,-2.252200
9.700004,1700,-2.496579
9.712505,1700,-2.301075
9.725001,1700,-1.616814
9.737504,1700,-2.349951
9.750000,1700,-2.349951
9.762500,1700,-2.203324
9.775000,1700,-2.252200
9.787508,1700,-2.447703
9.800008,1700,-2.301075
9.812504,1700,-1.812317
9.825004,1700,-2.154448
9.837500,1700,-2.349951
9.850005,1700,-2.203324
9.862504,1700,-2.203324
9.875004,1700,-2.203324
9.887500,1700,-1.665690
9.900000,1700,-2.056696
9.912501,1700,-2.154448
9.925001,1700,-2.447703
9.937500,1700,-2.203324
9.950000,1700,-2.252200
9.962500,1700,-1.910069
9.975001,1700,-2.105572
9.987504,1700,-1.910069
10.000000,1700,-2.007821
10.012500,1700,-2.252200
10.025000,1700,-2.154448
10.037505,1700,-1.861193
10.050004,1700,-1.910069
10.062500,1700,-2.105572
10.075004,1700,-1.910069
10.087505,1700,-2.007821
10.100001,1700,-2.154448
10.112504,1700,-1.910069
10.125000,1700,-1.665690
10.137500,1700,-1.910069
10.150005,1700,-2.154448
10.162505,1700,-2.154448
10.175001,1700,-2.007821
10.187500,1700,-1.714566
10.200009,1700,-2.154448
10.212500,1700,-1.958945
10.225005,1700,-2.056696
10.237501,1700,-2.154448
10.250000,1700,-2.056696
10.262500,1700,-1.567938
10.275005,1700,-2.007821
10.287505,1700,-2.398827
10.300001,1700,-2.056696
10.312504,1700,-2.349951
10.325000,1700,-2.007821
10.337509,1700,-1.958945
10.350005,1700,-2.105572
10.362501,1700,-2.105572
10.375004,1700,-2.398827
10.387500,1700,-2.252200
10.400005,1700,-2.398827
10.412501,1700,-1.861193
10.425008,1700,-1.763442
10.437504,1700,-2.154448
10.450004,1700,-2.154448
10.462505,1700,-2.496579
10.475005,1700,-2.349951
10.487504,1700,-2.007821
10.500004,1700,-2.203324
10.512500,1700,-2.349951
10.525000,1700,-2.154448
10.537501,1700,-2.349951
10.550001,1700,-1.421311
10.562504,1700,-2.252200
10.575000,1700,-2.154448
10.587509,1700,-2.301075
10.600001,1700,-2.056696
10.612504,1700,-1.958945
10.625000,1700,-2.154448
10.637504,1700,-2.105572
10.650000,1700,-2.496579
10.662501,1700,-2.203324
10.675004,1700,-1.958945
10.687500,1700,-2.105572
10.700009,1700,-2.349951
10.712500,1700,-2.154448
10.725005,1700,-2.349951
10.737508,1700,-2.007821
10.750004,1700,-2.349951
10.762504,1700,-2.056696
10.775005,1700,-2.252200
10.787505,1700,-2.398827
10.800001,1700,-2.007821
10.812500,1700,-2.105572
10.825000,1700,-2.154448
10.837500,1700,-2.349951
10.850001,1700,-2.105572
10.862501,1700,-2.301075
10.875004,1700,-1.616814
10.887504,1500,-2.252200
10.900005,1500,-2.154448
10.912501,1500,0.142717
10.925001,1500,0.044966
10.937504,1500,0.044966
10.950004,1500,0.044966
10.962500,1500,-0.003910
10.975005,1500,-0.003910
10.987501,1500,-0.052786
11.000000,1500,-0.003910
11.012500,1500,-0.003910
11.025005,1500,-0.003910
11.037505,1500,-0.003910
11.050001,1500,-0.003910
11.062504,1500,-0.003910
11.075004,1500,0.044966
11.087500,1500,-0.003910
11.100001,1500,-0.003910
11.112501,1500,-0.003910
11.125004,1500,0.044966
11.137504,1500,0.044966
11.150000,1500,0.044966
11.162501,1500,-0.003910
11.175001,1500,-0.003910
11.187504,1500,-0.003910
11.200004,1500,0.044966
11.212505,1500,0.044966
11.225005,1500,-0.052786
11.237501,1500,0.044966
11.250000,1500,-0.003910
11.262500,1500,-0.003910
11.275000,1500,-0.003910
11.287505,1500,0.044966
11.300001,1500,-0.003910
11.312500,1500,-0.003910
11.325000,1500,-0.003910
11.337505,1500,-0.003910
11.350005,1500,-0.052786
11.362504,1500,-0.003910
11.375004,1500,-0.003910
11.387500,1500,0.044966
11.400005,1500,-0.003910
11.412505,1500,-0.003910
11.425001,1500,0.044966
11.437500,1500,-0.003910
11.450004,1500,-0.003910
11.462500,1500,-0.003910
11.475005,1500,-0.003910
11.487504,1500,-0.003910
11.500004,1500,-0.003910
11.512504,1500,-0.052786
11.525005,1500,-0.052786
11.537501,1500,-0.003910
11.550004,1500,-0.003910
11.562500,1500,-0.003910
11.575004,1500,-0.003910
11.587500,1500,-0.003910
11.600005,1500,-0.003910
11.612501,1500,-0.003910
11.625000,1500,-0.003910
11.637504,1500,-0.003910
11.650005,1500,-0.003910
11.662505,1500,0.044966
11.675001,1500,-0.003910
11.687504,1500,-0.003910
11.700000,1500,-0.003910
11.712500,1500,-0.003910
11.725001,1500,0.044966
11.737501,1500,-0.003910
11.750004,1500,-0.003910
11.762504,1500,-0.052786
11.775000,1500,-0.003910
11.787505,1500,-0.003910
11.800004,1500,-0.003910
11.812504,1500,0.044966
11.825000,1500,-0.003910
11.837505,1500,-0.003910
11.850005,1500,-0.052786
11.862504,1500,-0.052786
11.875000,1500,-0.003910
11.887504,1700,-0.003910
11.900009,1700,-0.003910
11.912501,1700,-0.003910
11.925004,1700,0.044966
11.937500,1700,-0.052786
11.950000,1700,0.044966
11.962505,1700,-0.003910
11.975005,1700,-0.003910
11.987504,1700,-0.003910
12.000004,1700,-0.003910
12.012504,1700,-5.038123
12.025000,1700,-4.989247
12.037501,1700,-0.443792
12.050004,1700,-0.346041
12.062504,1700,-0.199413
12.075000,1700,-0.150537
12.087500,1700,-0.101662
12.100005,1700,-0.248289
12.112504,1700,-0.052786
12.125000,1700,-0.150537
12.137509,1700,-0.052786
12.150000,1700,-0.101662
12.162501,1700,-0.150537
12.175008,1700,-0.443792
12.187500,1700,-0.248289
12.200000,1700,-0.688171
12.212500,1700,-2.007821
12.225005,1700,-1.519062
12.237504,1700,-2.105572
12.250000,1700,-2.789834
12.262504,1700,-2.349951
12.275005,1700,-2.398827
12.287505,1700,-2.154448
12.300001,1700,-2.301075
12.312504,1700,-2.203324
12.325004,1700,-2.447703
12.337500,1700,-2.203324
12.350005,1700,-1.958945
12.362504,1700,-2.203324
12.375004,1700,-2.349951
12.387500,1700,-2.301075
12.400000,1700,-1.958945
12.412505,1700,-2.105572
12.425001,1700,-2.301075
12.437504,1700,-2.007821
12.450004,1700,-2.203324
12.462500,1700,-2.154448
12.475001,1700,-1.470187
12.487504,1700,-2.056696
12.500000,1700,-2.056696
12.512504,1700,-2.203324
12.525000,1700,-1.958945
12.537505,1700,-2.007821
12.550004,1700,-2.154448
12.562500,1700,-1.861193
12.575000,1700,-1.616814
12.587505,1700,-1.910069
12.600005,1700,-2.007821
12.612501,1700,-1.861193
12.625013,1700,-2.105572
12.637504,1700,-2.203324
12.650000,1700,-2.007821
12.662505,1700,-2.154448
12.675008,1700,-1.958945
12.687500,1700,-2.007821
12.700000,1700,-1.665690
12.712500,1700,-1.274683
12.725005,1700,-2.203324
12.737504,1700,-1.910069
12.750000,1700,-1.910069
12.762500,1700,-2.154448
12.775000,1700,-1.958945
12.787505,1700,-2.203324
12.800004,1700,-2.398827
12.812504,1700,-2.203324
12.825000,1700,-2.203324
12.837505,1700,-2.398827
12.850001,1700,-2.349951
12.862504,1700,-2.349951
12.875004,1700,-2.252200
12.887504,1500,-2.007821
12.900000,1500,-1.958945
12.912501,1500,0.093842
12.925001,1500,0.093842
12.937500,1500,-0.003910
12.950004,1500,-0.003910
12.962505,1500,-0.003910
12.975005,1500,-0.003910
12.987508,1500,-0.003910
13.000000,1500,-0.003910
13.012500,1500,0.044966
13.025000,1500,-0.003910
13.037501,1500,-0.003910
13.050004,1500,-0.003910
13.062500,1500,-0.003910
13.075000,1500,-0.003910
13.087500,1500,-0.003910
13.100001,1500,-0.052786
13.112504,1500,-0.003910
13.125000,1500,-0.003910
13.137504,1500,0.044966
13.150000,1500,-0.003910
13.162505,1500,-0.003910
13.175004,1500,-0.052786
13.187500,1500,-0.003910
13.200004,1500,-0.003910
13.212505,1500,-0.003910
13.225001,1500,-0.003910
13.237501,1500,-0.003910
13.250000,1500,0.044966
13.262504,1500,0.044966
13.275000,1500,-0.003910
13.287505,1500,0.044966
13.300001,1500,-0.003910
13.312504,1500,-0.003910
13.325004,1500,-0.003910
13.337500,1500,-0.003910
13.350005,1500,-0.003910
13.362501,1500,-0.003910
13.375004,1500,-0.003910
13.387500,1500,-0.052786
13.400005,1500,-0.003910
13.412505,1500,-0.003910
13.425001,1500,-0.003910
13.437504,1500,-0.052786
13.450000,1500,-0.003910
13.462500,1500,-0.003910
13.475005,1500,0.044966
13.487501,1500,-0.003910
13.500004,1500,0.044966
13.512500,1500,-0.003910
13.525000,1500,-0.003910
13.537505,1500,-0.003910
13.550004,1500,-0.003910
13.562500,1500,-0.003910
13.575004,1500,-0.003910
13.587505,1500,-0.003910
13.600005,1500,-0.003910
13.612501,1500,-0.003910
13.625000,1500,-0.003910
13.637504,1500,-0.003910
13.650005,1500,-0.003910
13.662501,1500,-0.003910
13.675004,1500,0.044966
13.687500,1500,-0.003910
13.700004,1500,-0.003910
13.712505,1500,-0.003910
13.725001,1500,-0.003910
13.737504,1500,-0.003910
13.750004,1500,-0.003910
13.762504,1500,-0.003910
13.775000,1500,-0.052786
13.787505,1500,-0.003910
13.800004,1500,-0.003910
13.812504,1500,-0.003910
13.825004,1500,0.044966
13.837505,1500,-0.003910
13.850005,1500,-0.052786
13.862504,1500,-0.003910
13.875000,1500,-0.003910
13.887504,1700,-0.052786
13.900000,1700,-0.003910
13.912501,1700,-0.003910
13.925004,1700,-0.003910
13.937500,1700,0.044966
13.950004,1700,-0.003910
13.962500,1700,-0.003910
13.975005,1700,-0.003910
13.987504,1700,-0.003910
14.000004,1700,-0.003910
14.012504,1700,-4.891496
14.025005,1700,-4.744868
14.037501,1700,-0.346041
14.050001,1700,-0.346041
14.062504,1700,-0.150537
14.075004,1700,-0.150537
14.087500,1700,-0.101662
14.100005,1700,-0.150537
14.112504,1700,-0.199413
14.125000,1700,-0.052786
14.137500,1700,-0.101662
14.150005,1700,-0.101662
14.162505,1700,-0.052786
14.175004,1700,-0.443792
14.187504,1700,-0.346041
14.200000,1700,-0.737047
14.212500,1700,-1.665690
14.225001,1700,-1.616814
14.237501,1700,-1.861193
14.250000,1700,-2.643206
14.262500,1700,-2.349951
14.275000,1700,-2.252200
14.287505,1700,-2.398827
14.300001,1700,-2.154448
14.312504,1700,-2.349951
14.325004,1700,-2.252200
14.337505,1700,-2.301075
14.350005,1700,-2.349951
14.362504,1700,-2.154448
14.375004,1700,-2.301075
14.387504,1500,-1.812317
14.400000,1500,-2.154448
14.412505,1500,0.142717
14.425001,1500,0.093842
14.437500,1500,0.044966
14.450000,1500,-0.003910
14.462500,1500,0.044966
14.475001,1500,-0.003910
14.487504,1500,-0.003910
14.500000,1500,-0.003910
14.512500,1500,0.044966
14.525005,1500,-0.003910
14.537501,1500,-0.003910
14.550004,1500,-0.003910
14.562504,1500,-0.003910
14.575000,1500,-0.003910
14.587505,1500,-0.003910
14.600005,1500,-0.003910
14.612504,1500,-0.003910
14.625000,1500,-0.003910
14.637504,1500,0.044966
14.650000,1500,-0.052786
14.662501,1500,-0.003910
14.675004,1500,-0.003910
14.687504,1500,0.044966
14.700004,1500,-0.003910
14.712500,1500,-0.003910
14.725005,1500,-0.003910
14.737504,1500,-0.003910
14.750004,1500,-0.052786
14.762504,1500,0.044966
14.775000,1500,0.044966
14.787501,1500,-0.003910
14.800004,1500,-0.003910
14.812504,1500,0.044966
14.825000,1500,-0.003910
14.837505,1500,0.044966
14.850001,1500,-0.003910
14.862504,1500,-0.003910
14.875004,1500,-0.003910
14.887500,1500,-0.003910
14.900005,1500,-0.003910
14.912505,1500,-0.003910
14.925001,1500,-0.003910
14.937504,1500,-0.003910
14.950000,1500,-0.052786
14.962505,1500,-0.003910
14.975005,1500,-0.003910
14.987504,1500,-0.003910
15.000000,1500,-0.003910
15.012500,1500,-0.052786
15.025000,1500,-0.003910
15.037501,1500,-0.003910
15.050001,1500,-0.003910
15.062504,1500,-0.003910
15.075004,1500,0.044966
15.087500,1500,-0.003910
15.100001,1500,0.044966
15.112504,1500,-0.003910
15.125000,1500,-0.003910
15.137504,1500,-0.003910
15.150005,1500,-0.052786
15.162505,1500,-0.003910
15.175004,1500,-0.003910
15.187504,1500,-0.003910
15.200004,1500,-0.003910
15.212505,1500,-0.003910
15.225001,1500,-0.003910
15.237504,1500,-0.052786
15.250000,1500,-0.003910
15.262500,1500,-0.003910
15.275000,1500,-0.003910
15.287505,1500,-0.003910
15.300004,1500,-0.003910
15.312500,1500,-0.003910
15.325000,1500,0.044966
15.337500,1500,0.044966
15.350005,1500,-0.003910
15.362501,1500,-0.003910
15.375000,1500,-0.003910
15.387504,1700,0.044966
15.400000,1700,-0.052786
15.412501,1700,-0.003910
15.425004,1700,-0.003910
15.437504,1700,0.044966
15.450000,1700,-0.052786
15.462505,1700,-0.003910
15.475005,1700,-0.003910
15.487504,1700,-0.052786
15.500000,1700,-0.052786
15.512500,1700,-0.003910
15.525000,1700,-4.793744
15.537508,1700,-0.346041
15.550004,1700,-0.346041
15.562504,1700,-0.297165
15.575000,1700,-0.199413
15.587500,1700,-0.150537
15.600001,1700,-0.150537
15.612504,1700,-0.101662
15.625004,1700,-0.101662
15.637500,1500,-0.052786
15.650005,1500,0.093842
15.662505,1500,-0.003910
15.675004,1500,-0.003910
15.687500,1500,-0.003910
15.700004,1500,-0.003910
15.712505,1500,-0.052786
15.725005,1500,-0.052786
15.737501,1500,-0.003910
15.750004,1500,-0.052786
15.762504,1500,-0.052786
15.775000,1500,-0.003910
15.787505,1500,-0.052786
15.800004,1500,-0.003910
15.812504,1500,-0.003910
15.825013,1500,-0.003910
15.837500,1500,-0.052786
15.850005,1500,-0.003910
15.862501,1500,-0.003910
15.875004,1500,-0.003910
15.887500,1500,-0.052786
15.900000,1500,0.044966
15.912505,1500,-0.003910
15.925001,1500,-0.052786
15.937500,1500,-0.052786
15.950000,1500,-0.003910
15.962500,1500,-0.003910
15.975005,1500,-0.003910
15.987504,1500,-0.003910
16.000003,1500,-0.003910
16.012504,1500,-0.003910
16.024999,1500,-0.052786
16.037500,1500,-0.052786
16.049999,1500,-0.052786
16.062503,1500,-0.003910
16.075004,1500,-0.003910
16.087503,1500,-0.052786
16.100004,1500,-0.003910
16.112499,1500,-0.003910
16.125003,1500,-0.003910
16.137504,1500,-0.003910
16.150003,1500,-0.003910
16.162500,1500,-0.003910
16.174999,1500,-0.052786
16.187507,1500,-0.052786
16.200000,1500,-0.052786
16.212499,1500,-0.003910
16.225004,1500,-0.052786
16.237499,1500,-0.003910
16.250003,1500,-0.052786
16.262504,1500,-0.052786
16.274999,1500,-0.003910
16.287504,1500,-0.003910
16.300003,1500,-0.003910
16.312500,1500,-0.003910
16.325004,1500,0.044966
16.337499,1500,-0.052786
16.350004,1500,-0.003910
16.362499,1500,-0.003910
16.375000,1500,-0.003910
16.387500,1500,-0.003910
16.399999,1500,-0.003910
16.412500,1500,-0.003910
16.424999,1500,-0.003910
16.437503,1500,-0.003910
16.450004,1500,-0.052786
16.462503,1500,-0.003910
16.475004,1500,-0.003910
16.487503,1500,-0.003910
16.500000,1500,-0.003910
16.512504,1500,-0.003910
16.524999,1500,-0.003910
16.537500,1500,-0.003910
16.550003,1500,-0.052786
16.562500,1500,-0.003910
16.575000,1500,0.044966
16.587499,1500,-0.003910
16.600004,1500,-0.003910
16.612503,1500,-0.003910
16.625000,1500,-0.003910
16.637504,1700,-0.003910
16.650003,1700,-0.052786
16.662500,1700,-0.003910
16.675003,1700,-0.003910
16.687500,1700,-0.003910
16.700004,1700,-0.003910
16.712499,1700,-0.003910
16.725004,1700,-0.003910
16.737503,1700,-0.003910
16.750003,1700,0.044966
16.762500,1500,-4.647117
16.774999,1500,-0.101662
16.787504,1500,-0.003910
16.800003,1500,-0.052786
16.812503,1500,-0.003910
16.825004,1500,-0.052786
16.837499,1500,-0.003910
16.850004,1500,-0.003910
16.862499,1500,-0.003910
16.875003,1500,-0.052786
16.887500,1500,-0.003910
16.900003,1500,-0.052786
16.912500,1500,-0.052786
16.924999,1500,-0.052786
16.937500,1500,-0.052786
16.950004,1500,-0.052786
16.962503,1500,-0.052786
16.975000,1500,-0.052786
16.987503,1500,-0.052786
17.000003,1500,-0.052786
17.012504,1500,-0.003910
17.024999,1500,-0.003910
17.037500,1500,-0.052786
17.049999,1500,-0.052786
17.062503,1500,-0.101662
17.075000,1500,-0.003910
17.087499,1500,-0.052786
17.100004,1500,-0.003910
17.112499,1500,-0.003910
17.125003,1500,-0.052786
17.137500,1500,-0.052786
17.150003,1500,-0.003910
17.162500,1500,-0.003910
17.174999,1500,-0.052786
17.187503,1500,-0.003910
17.200004,1500,-0.003910
17.212503,1500,-0.003910
17.225000,1500,-0.052786
17.237503,1500,0.044966
17.250003,1500,-0.003910
17.262504,1500,-0.003910
17.275003,1500,-0.003910
17.287504,1500,-0.052786
17.300003,1500,-0.003910
17.312503,1500,-0.052786
17.325004,1500,-0.052786
17.337503,1500,-0.003910
17.350004,1500,-0.052786
17.362499,1500,-0.052786
17.375003,1500,-0.003910
17.387504,1500,-0.003910
17.400003,1500,-0.052786
17.412504,1500,-0.003910
17.424999,1500,-0.003910
17.437500,1500,-0.052786
17.450004,1500,-0.003910
17.462499,1500,-0.003910
17.475004,1500,-0.003910
17.487503,1500,-0.003910
17.500003,1500,-0.052786
17.512500,1500,-0.003910
17.525003,1500,-0.052786
17.537500,1500,-0.003910
17.549999,1500,-0.052786
17.562500,1500,-0.052786
17.575004,1500,-0.003910
17.587503,1500,-0.052786
17.600004,1500,-0.052786
17.612499,1500,-0.052786
17.625000,1500,-0.052786
17.637504,1500,-0.052786
17.649999,1500,-0.052786
17.662500,1500,-0.003910
17.674999,1500,-0.003910
17.687503,1500,-0.003910
17.700000,1500,-0.003910
17.712499,1500,-0.003910
17.725000,1500,-0.052786
17.737503,1500,-0.003910
17.750003,1500,-0.052786
17.762504,1800,-0.052786
17.774999,1800,-5.380254
17.787500,1800,-6.553274
17.799999,1800,-6.797653
17.812500,1800,-5.624634
17.825000,1800,-6.308895
17.837499,1800,-4.989247
17.850004,1800,-4.891496
17.862503,1800,-3.913980
17.875003,1800,-4.158359
17.887504,1800,-4.744868
17.900003,1800,-3.865101
17.912500,1800,-4.011731
17.925003,1800,-4.451613
17.937500,1800,-3.913980
17.950000,1800,-4.060607
17.962499,1800,-3.865101
17.975004,1800,-4.207234
17.987503,1800,-4.207234
18.000000,1800,-3.718474
18.012504,1800,-4.109483
18.024999,1800,-3.083088
18.037500,1800,-4.060607
18.050003,1800,-4.304986
18.062500,1800,-4.451613
18.075004,1800,-4.060607
18.087503,1800,-4.256110
18.100000,1800,-3.962855
18.112503,1800,-4.256110
18.125000,1800,-4.304986
18.137508,1800,-4.451613
18.149999,1800,-3.962855
18.162504,1800,-4.207234
18.175003,1800,-3.962855
18.187500,1800,-4.353862
18.200004,1800,-4.207234
18.212503,1800,-4.158359
18.225000,1800,-3.962855
18.237499,1800,-4.011731
18.250000,1800,-4.109483
18.262504,1800,-3.425219
18.274999,1800,-4.451613
18.287500,1800,-3.962855
18.299999,1800,-4.109483
18.312503,1800,-3.913980
18.325004,1800,-3.474095
18.337499,1800,-4.304986
18.350000,1800,-3.816226
18.362499,1800,-4.256110
18.375003,1800,-3.865101
18.387504,1800,-2.692082
18.400007,1800,-4.207234
18.412504,1800,-3.767350
18.424999,1800,-4.207234
18.437500,1800,-3.865101
18.450004,1800,-2.692082
18.462503,1800,-4.256110
18.475004,1800,-3.767350
18.487503,1800,-3.767350
18.500003,1800,-4.011731
18.512508,1800,-4.060607
18.525003,1800,-3.913980
18.537504,1800,-3.913980
18.550003,1800,-3.767350
18.562500,1800,-3.767350
18.575004,1800,-4.207234
18.587499,1800,-3.767350
18.600004,1800,-3.669598
18.612508,1800,-4.060607
18.625000,1800,-4.011731
18.637500,1800,-3.083088
18.650003,1800,-4.011731
18.662500,1800,-3.816226
18.675003,1800,-2.740958
18.687500,1800,-4.256110
18.700000,1800,-3.816226
18.712499,1800,-2.643206
18.725008,1800,-4.109483
18.737503,1800,-4.060607
18.750000,1800,-3.767350
18.762500,1800,-3.865101
18.775003,1800,-3.962855
18.787504,1800,-4.060607
18.799999,1800,-2.985337
18.812500,1800,-4.060607
18.825000,1800,-3.962855
18.837503,1800,-2.740958
18.850000,1800,-4.402738
18.862503,1800,-3.962855
18.875003,1800,-2.936461
18.887500,1800,-4.256110
18.900003,1800,-4.256110
18.912504,1800,-3.913980
18.924999,1800,-4.256110
18.937500,1800,-4.060607
18.950000,1800,-4.109483
18.962499,1800,-4.207234
18.975000,1800,-3.962855
18.987499,1800,-3.962855
19.000000,1800,-4.011731
19.012504,1800,-4.353862
19.025011,1800,-3.767350
19.037500,1800,-4.109483
19.050008,1800,-4.060607
19.062503,1800,-4.060607
19.075000,1800,-3.083088
19.087503,1800,-4.011731
19.100000,1800,-3.913980
19.112503,1800,-2.789834
19.125000,1800,-4.402738
19.137500,1800,-3.865101
19.150003,1800,-3.425219
19.162500,1800,-4.011731
19.174999,1800,-4.256110
19.187503,1800,-3.865101
19.200004,1800,-4.060607
19.212499,1800,-3.865101
19.225004,1800,-4.011731
19.237503,1800,-3.865101
19.250003,1800,-3.816226
19.262500,1800,-3.816226
19.275003,1800,-3.962855
19.287508,1800,-4.060607
19.299999,1800,-3.718474
19.312503,1800,-4.109483
19.325004,1800,-3.865101
19.337499,1800,-4.011731
19.350008,1800,-4.060607
19.362499,1800,-3.816226
19.375003,1800,-3.571846
19.387512,1800,-3.962855
19.400007,1800,-3.913980
19.412500,1800,-2.643206
19.424999,1800,-3.865101
19.437500,1800,-3.767350
19.450004,1800,-3.962855
19.462503,1800,-3.962855
19.475004,1800,-3.474095
19.487499,1800,-3.816226
19.500000,1800,-3.180840
19.512504,1800,-3.913980
19.524999,1800,-3.865101
19.537500,1800,-3.816226
19.550003,1800,-3.718474
19.562503,1800,-2.692082
19.575004,1800,-3.865101
19.587503,1800,-3.865101
19.600004,1800,-3.816226
19.612503,1800,-3.816226
19.625003,1800,-2.594330
19.637504,1800,-4.060607
19.650007,1800,-3.962855
19.662500,1800,-3.865101
19.675003,1800,-3.816226
19.687503,1800,-3.571846
19.700004,1800,-3.865101
19.712507,1800,-4.011731
19.725004,1800,-4.207234
19.737499,1800,-3.718474
19.750007,1800,-4.158359
19.762504,1500,-3.816226
19.775003,1500,0.142717
19.787504,1500,0.044966
19.799999,1500,0.044966
19.812500,1500,-0.003910
19.825004,1500,0.044966
19.837503,1500,0.044966
19.850000,1500,-0.003910
19.862499,1500,-0.003910
19.875003,1500,-0.003910
19.887500,1500,-0.052786
19.900003,1500,-0.052786
19.912504,1500,-0.052786
19.924999,1500,-0.003910
19.937500,1500,-0.003910
19.950000,1500,-0.003910
19.962499,1500,-0.003910
19.975004,1500,-0.003910
19.987503,1500,-0.003910
20.000003,1500,0.044966
20.012504,1500,-0.003910
20.024999,1500,-0.003910
20.037504,1500,0.044966
20.050003,1500,-0.003910
20.062503,1500,-0.003910
20.075004,1500,-0.052786
20.087503,1500,0.044966
20.100000,1500,-0.003910
20.112499,1500,-0.003910
20.125003,1500,-0.003910
20.137504,1500,-0.003910
20.150003,1500,-0.003910
20.162500,1500,-0.003910
20.174999,1500,-0.003910
20.187503,1500,-0.003910
20.200004,1500,-0.003910
20.212499,1500,-0.003910
20.225004,1500,-0.052786
20.237499,1500,-0.052786
20.250003,1500,-0.003910
20.262500,1500,-0.003910
20.275003,1500,-0.003910
20.287504,1500,0.044966
20.299999,1500,-0.003910
20.312500,1500,-0.003910
20.325004,1500,0.044966
20.337499,1500,-0.003910
20.350000,1500,0.044966
20.362499,1500,-0.003910
20.375000,1500,-0.003910
20.387500,1500,-0.003910
20.399999,1500,-0.003910
20.412500,1500,0.044966
20.424999,1500,-0.003910
20.437503,1500,0.044966
20.450000,1500,-0.003910
20.462499,1500,-0.003910
20.475004,1500,-0.003910
20.487503,1500,-0.003910
20.500003,1500,-0.003910
20.512500,1500,-0.003910
20.524999,1500,-0.052786
20.537504,1500,-0.003910
20.550003,1500,0.044966
20.562503,1500,-0.003910
20.575000,1500,0.044966
20.587507,1500,-0.003910
20.600000,1500,0.044966
20.612503,1500,-0.003910
20.625003,1500,-0.052786
20.637500,1500,-0.003910
20.650003,1500,-0.003910
20.662500,1500,-0.003910
20.674999,1500,-0.003910
20.687503,1500,-0.003910
20.700004,1500,-0.003910
20.712503,1500,-0.003910
20.725000,1500,0.044966
20.737499,1500,-0.052786
20.750003,1500,-0.003910
20.762504,1800,-0.003910
20.775003,1800,-0.003910
20.787500,1800,-0.003910
20.799999,1800,-0.003910
20.812500,1800,0.044966
20.825000,1800,-0.003910
20.837499,1800,-0.003910
20.850004,1800,-0.052786
20.862499,1800,0.044966
20.875003,1800,-5.722385
20.887500,1800,-5.478006
20.900003,1800,-0.541544
20.912504,1800,-0.297165
20.924999,1800,-0.346041
20.937500,1800,-0.443792
20.950004,1800,-0.297165
20.962503,1800,-0.248289
20.975004,1800,-0.248289
20.987499,1800,-0.150537
21.000000,1800,-0.199413
21.012500,1800,-0.101662
21.025003,1800,-0.150537
21.037500,1800,-0.101662
21.050003,1800,-0.590420
21.062500,1800,-0.346041
21.075004,1800,-0.834801
21.087499,1800,-0.443792
21.100004,1800,-1.567938
21.112503,1800,-2.056696
21.125000,1800,-2.056696
21.137504,1800,-3.376343
21.149999,1800,-4.402738
21.162504,1800,-4.647117
21.174999,1800,-4.207234
21.187503,1800,-4.353862
21.200004,1800,-4.011731
21.212499,1800,-2.985337
21.225004,1800,-4.304986
21.237499,1800,-4.207234
21.250003,1800,-3.620722
21.262504,1800,-4.011731
21.275003,1800,-2.838709
21.287500,1800,-4.207234
21.300003,1800,-4.158359
21.312503,1800,-4.402738
21.325000,1800,-3.865101
21.337507,1800,-4.207234
21.350004,1800,-3.865101
21.362499,1800,-4.256110
21.375000,1800,-4.109483
21.387500,1800,-4.353862
21.399999,1800,-3.865101
21.412504,1800,-4.158359
21.425003,1800,-3.865101
21.437503,1800,-4.158359
21.450000,1800,-4.109483
21.462499,1800,-4.353862
21.475000,1800,-3.083088
21.487503,1800,-3.767350
21.500000,1800,-4.060607
21.512500,1800,-3.522971
21.524999,1800,-3.962855
21.537500,1800,-4.109483
21.550003,1800,-4.060607
21.562503,1800,-4.109483
21.575000,1800,-2.789834
21.587503,1800,-3.718474
21.600008,1800,-4.060607
21.612503,1800,-2.936461
21.625003,1800,-3.767350
21.637500,1800,-4.109483
21.650003,1800,-2.643206
21.662500,1800,-4.060607
21.674999,1800,-4.158359
21.687500,1800,-3.865101
21.700008,1800,-3.767350
21.712507,1800,-3.669598
21.725000,1800,-3.962855
21.737499,1800,-3.669598
21.750003,1800,-3.669598
21.762504,1500,-3.816226
21.775003,1500,0.093842
21.787504,1500,0.044966
21.799999,1500,0.044966
21.812503,1500,-0.003910
21.825000,1500,-0.003910
21.837503,1500,0.044966
21.850000,1500,-0.003910
21.862499,1500,-0.003910
21.875003,1500,-0.003910
21.887504,1500,-0.003910
21.899999,1500,-0.003910
21.912504,1500,0.044966
21.925003,1500,-0.003910
21.937503,1500,-0.003910
21.950000,1500,-0.003910
21.962499,1500,-0.003910
21.975004,1500,-0.003910
21.987503,1500,-0.003910
22.000003,1500,-0.003910
22.012500,1500,-0.003910
22.025003,1500,-0.003910
22.037504,1500,-0.003910
22.049999,1500,-0.003910
22.062503,1500,-0.003910
22.075004,1500,-0.052786
22.087503,1500,-0.052786
22.100004,1500,-0.052786
22.112499,1500,-0.003910
22.125003,1500,-0.003910
22.137504,1500,-0.003910
22.150003,1500,-0.003910
22.162500,1500,-0.003910
22.174999,1500,-0.003910
22.187503,1500,-0.003910
22.200004,1500,-0.003910
22.212503,1500,-0.003910
22.225000,1500,-0.003910
22.237503,1500,-0.003910
22.250000,1500,-0.003910
22.262504,1500,-0.003910
22.275003,1500,-0.003910
22.287504,1500,-0.003910
22.300003,1500,-0.003910
22.312503,1500,-0.052786
22.325004,1500,-0.003910
22.337503,1500,-0.003910
22.350004,1500,-0.003910
22.362499,1500,0.044966
22.375003,1500,-0.003910
22.387504,1500,-0.003910
22.400003,1500,-0.003910
22.412500,1500,0.044966
22.425003,1500,-0.003910
22.437503,1500,-0.052786
22.450000,1500,-0.003910
22.462499,1500,-0.003910
22.475000,1500,-0.003910
22.487499,1500,-0.003910
22.500003,1500,-0.003910
22.512504,1500,-0.003910
22.524999,1500,-0.003910
22.537500,1500,-0.003910
22.550003,1500,-0.003910
22.562500,1500,-0.003910
22.575000,1500,-0.003910
22.587499,1500,-0.003910
22.600004,1500,-0.003910
22.612499,1500,0.044966
22.625000,1500,-0.003910
22.637504,1500,-0.003910
22.649999,1500,-0.003910
22.662504,1500,-0.052786
22.674999,1500,-0.052786
22.687503,1500,-0.003910
22.700000,1500,-0.003910
22.712499,1500,-0.052786
22.725000,1500,-0.052786
22.737503,1500,-0.003910
22.750003,1500,-0.003910
22.762504,1800,-0.003910
22.775003,1800,-0.003910
22.787500,1800,-0.003910
22.799999,1800,-0.003910
22.812500,1800,-0.003910
22.825000,1800,-0.003910
22.837499,1800,-0.003910
22.850000,1800,-0.003910
22.862503,1800,-0.003910
22.875003,1800,-4.793744
22.887504,1800,-5.282502
22.900003,1800,-0.346041
22.912500,1800,-0.297165
22.925003,1800,-0.199413
22.937500,1800,-0.101662
22.950008,1800,-0.150537
22.962499,1800,-0.150537
22.975004,1800,-0.101662
22.987499,1800,-0.199413
23.000003,1800,-0.101662
23.012500,1800,-0.052786
23.025003,1800,-0.052786
23.037504,1800,-0.346041
23.049999,1800,-0.541544
23.062503,1800,-0.590420
23.075004,1800,-1.665690
23.087503,1800,-1.176932
23.100004,1800,-1.861193
23.112503,1800,-3.034213
23.125003,1800,-3.474095
23.137504,1800,-4.402738
23.150003,1800,-4.109483
23.162500,1800,-4.060607
23.175003,1800,-4.304986
23.187503,1800,-4.011731
23.200004,1800,-2.985337
23.212499,1800,-4.060607
23.225000,1800,-3.962855
23.237499,1800,-4.207234
23.250003,1800,-3.913980
23.262500,1500,-3.816226
23.274999,1500,0.093842
23.287500,1500,0.044966
23.299999,1500,-0.003910
23.312500,1500,-0.052786
23.325000,1500,0.044966
23.337499,1500,-0.003910
23.350000,1500,-0.003910
23.362503,1500,-0.003910
23.375003,1500,-0.052786
23.387504,1500,-0.003910
23.400003,1500,-0.003910
23.412500,1500,-0.003910
23.425003,1500,0.044966
23.437500,1500,-0.052786
23.450004,1500,-0.003910
23.462499,1500,-0.052786
23.475004,1500,-0.003910
23.487503,1500,-0.003910
23.500003,1500,-0.003910
23.512500,1500,-0.003910
23.524999,1500,-0.003910
23.537500,1500,-0.003910
23.549999,1500,-0.003910
23.562503,1500,0.044966
23.575000,1500,-0.003910
23.587499,1500,-0.003910
23.600004,1500,-0.003910
23.612499,1500,0.044966
23.625000,1500,-0.003910
23.637500,1500,-0.003910
23.649999,1500,0.044966
23.662504,1500,-0.003910
23.675003,1500,-0.003910
23.687500,1500,-0.003910
23.700004,1500,-0.003910
23.712499,1500,-0.003910
23.725000,1500,-0.003910
23.737503,1500,-0.003910
23.750003,1500,0.044966
23.762504,1500,-0.003910
23.775003,1500,-0.003910
23.787504,1500,-0.003910
23.799999,1500,-0.003910
23.812500,1500,-0.003910
23.825004,1500,-0.003910
23.837499,1500,-0.003910
23.850004,1500,-0.003910
23.862499,1500,-0.003910
23.875000,1500,-0.003910
23.887500,1500,-0.003910
23.900003,1500,-0.052786
23.912504,1500,-0.003910
23.924999,1500,-0.003910
23.937500,1500,-0.003910
23.950000,1500,-0.003910
23.962499,1500,-0.003910
23.975004,1500,-0.003910
23.987503,1500,0.044966
24.000000,1500,-0.003910
24.012500,1500,0.044966
24.024999,1500,-0.052786
24.037500,1500,0.044966
24.050003,1500,-0.003910
24.062503,1500,-0.003910
24.075004,1500,-0.003910
24.087499,1500,-0.003910
24.100000,1500,-0.003910
24.112503,1500,-0.003910
24.125003,1500,-0.003910
24.137500,1500,-0.003910
24.149999,1500,-0.003910
24.162500,1500,-0.003910
24.174999,1500,-0.003910
24.187503,1500,-0.052786
24.200000,1500,-0.003910
24.212499,1500,0.044966
24.225000,1500,-0.003910
24.237503,1500,0.044966
24.250000,1500,-0.003910
24.262500,1800,-0.003910
24.274999,1800,0.044966
24.287504,1800,-0.003910
24.300003,1800,-0.003910
24.312503,1800,-0.003910
24.325000,1800,-0.003910
24.337503,1800,-0.003910
24.350011,1800,0.044966
24.362499,1800,-0.003910
24.375000,1800,-0.248289
24.387504,1800,-0.492668
24.400003,1800,-0.346041
24.412500,1800,-0.248289
24.424999,1800,-0.199413
24.437500,1800,-0.199413
24.450000,1800,-0.052786
24.462499,1800,-0.150537
24.475004,1800,-0.101662
24.487499,1800,-0.101662
24.500000,1800,-0.101662
24.512504,1500,-0.150537
24.525003,1500,-0.003910
24.537504,1500,-0.003910
24.550003,1500,-0.003910
24.562500,1500,-0.052786
24.575004,1500,-0.003910
24.587503,1500,-0.003910
24.600004,1500,-0.052786
24.612503,1500,-0.003910
24.625003,1500,-0.003910
24.637500,1500,-0.003910
24.649999,1500,-0.101662
24.662504,1500,-0.003910
24.675003,1500,-0.052786
24.687503,1500,-0.003910
24.700004,1500,-0.052786
24.712503,1500,-0.003910
24.725000,1500,-0.003910
24.737503,1500,-0.003910
24.750003,1500,-0.052786
24.762504,1500,-0.003910
24.775003,1500,-0.003910
24.787504,1500,-0.052786
24.799999,1500,-0.052786
24.812503,1500,-0.052786
24.825000,1500,-0.052786
24.837499,1500,-0.052786
24.850004,1500,-0.052786
24.862503,1500,-0.003910
24.875003,1500,-0.003910
24.887500,1500,-0.052786
24.899999,1500,-0.052786
24.912504,1500,-0.003910
24.924999,1500,-0.052786
24.937503,1500,-0.052786
24.950000,1500,-0.003910
24.962499,1500,-0.052786
24.975004,1500,-0.003910
24.987503,1500,-0.003910
25.000003,1500,-0.052786
25.012504,1500,-0.052786
25.024999,1500,-0.052786
25.037500,1500,-0.003910
25.049999,1500,-0.003910
25.062500,1500,-0.003910
25.075000,1500,-0.003910
25.087499,1500,-0.003910
25.100000,1500,-0.003910
25.112503,1500,-0.003910
25.125000,1500,-0.003910
25.137500,1500,-0.003910
25.149999,1500,-0.003910
25.162504,1500,-0.003910
25.175003,1500,-0.003910
25.187503,1500,-0.003910
25.200004,1500,-0.003910
25.212499,1500,-0.003910
25.225000,1500,0.044966
25.237503,1500,-0.003910
25.250000,1500,-0.003910
25.262504,1500,0.044966
25.274999,1500,-0.003910
25.287504,1500,-0.003910
25.300003,1500,0.044966
25.312503,1500,-0.003910
25.325000,1500,-0.052786
25.337503,1500,0.044966
25.350000,1500,-0.003910
25.362503,1500,-0.003910
25.375000,1500,-0.003910
25.387504,1500,-0.003910
25.400003,1500,-0.003910
25.412500,1500,-0.003910
25.425003,1500,-0.003910
25.437503,1500,-0.003910
25.450004,1500,-0.003910
25.462499,1500,-0.003910
25.475004,1500,-0.003910
25.487503,1500,-0.003910
25.500003,1500,-0.003910
25.512500,1800,-0.003910
25.525003,1800,0.044966
25.537500,1800,-0.003910
25.549999,1800,-0.003910
25.562503,1800,-0.003910
25.575004,1800,0.044966
25.587503,1800,-0.003910
25.600004,1800,-0.003910
25.612499,1800,-0.003910
25.625000,1800,-0.003910
25.637504,1500,-0.443792
25.649999,1500,-0.443792
25.662504,1500,-0.101662
25.674999,1500,-0.052786
25.687500,1500,-0.052786
25.700004,1500,-0.052786
25.712503,1500,-0.052786
25.725000,1500,-0.003910
25.737503,1500,-0.052786
25.750003,1500,-0.052786
25.762504,1500,-0.052786
25.774999,1500,-0.052786
25.787508,1500,0.044966
25.799999,1500,-0.003910
25.812500,1500,-0.003910
25.825004,1500,-0.052786
25.837499,1500,-0.052786
25.850000,1500,-0.003910
25.862499,1500,-0.052786
25.875003,1500,-0.052786
25.887500,1500,-0.052786
25.899999,1500,-0.052786
25.912500,1500,-0.003910
25.925003,1500,-0.052786
25.937500,1500,-0.003910
25.950012,1500,-0.003910
25.962499,1500,-0.003910
25.975004,1500,-0.003910
25.987503,1500,-0.052786
26.000003,1500,-0.052786
26.012504,1500,-0.003910
26.024999,1500,-0.003910
26.037504,1500,-0.052786
26.050003,1500,-0.052786
26.062500,1500,-0.052786
26.075000,1500,-0.052786
26.087499,1500,-0.003910
26.100000,1500,0.044966
26.112499,1500,-0.003910
26.125003,1500,-0.003910
26.137500,1500,-0.052786
26.150003,1500,0.044966
26.162504,1500,-0.003910
26.175003,1500,-0.003910
26.187500,1500,-0.003910
26.200000,1500,-0.003910
26.212499,1500,-0.052786
26.225000,1500,-0.003910
26.237503,1500,-0.003910
26.250000,1500,-0.052786
26.262504,1500,-0.003910
26.274999,1500,-0.003910
26.287504,1500,-0.052786
26.300003,1500,-0.052786
26.312500,1500,0.044966
26.325000,1500,-0.052786
26.337503,1500,-0.003910
26.350000,1500,-0.003910
26.362503,1500,-0.003910
26.375000,1500,-0.003910
26.387500,1500,-0.003910
26.400003,1500,-0.003910
26.412500,1500,-0.052786
26.424999,1500,-0.052786
26.437500,1500,-0.003910
26.450000,1500,-0.003910
26.462499,1500,-0.003910
26.475004,1500,-0.003910
26.487503,1500,-0.003910
26.500003,1500,-0.052786
26.512500,1500,-0.003910
26.524999,1500,-0.003910
26.537500,1500,-0.003910
26.549999,1500,-0.003910
26.562500,1500,-0.003910
26.575004,1500,-0.052786
26.587499,1500,-0.003910
26.600004,1500,-0.003910
26.612499,1500,-0.052786
26.625000,1500,-0.052786
26.637504,1900,-0.003910
26.649999,1900,-0.003910
26.662504,1900,-4.744868
26.675003,1900,-5.282502
26.687507,1900,-6.211143
26.700004,1900,-5.478006
26.712499,1900,-4.451613
26.725000,1900,-4.060607
26.737499,1900,-6.211143
26.750003,1900,-5.771261
26.762504,1900,-5.086999
26.775003,1900,-5.380254
26.787500,1900,-5.429130
26.800008,1900,-5.038123
26.812503,1900,-5.722385
26.825000,1900,-4.989247
26.837499,1900,-5.624634
26.850000,1900,-5.038123
26.862499,1900,-5.429130
26.875003,1900,-4.647117
26.887500,1900,-5.673510
26.900003,1900,-4.451613
26.912504,1900,-5.526882
26.925003,1900,-5.331378
26.937500,1900,-5.771261
26.950004,1900,-5.233626
26.962503,1900,-5.429130
26.975004,1900,-4.695992
26.987499,1900,-5.380254
27.000000,1900,-5.380254
27.012500,1900,-5.575758
27.024999,1900,-4.842620
27.037500,1900,-3.913980
27.050003,1900,-5.233626
27.062500,1900,-4.891496
27.075004,1900,-5.526882
27.087499,1900,-5.086999
27.100000,1900,-5.624634
27.112499,1900,-5.086999
27.125000,1900,-4.158359
27.137504,1900,-4.549365
27.149999,1900,-4.744868
27.162504,1900,-5.526882
27.175003,1900,-4.744868
27.187500,1900,-5.673510
27.200000,1900,-5.086999
27.212499,1900,-5.184751
27.225000,1900,-5.086999
27.237503,1900,-5.233626
27.250003,1900,-4.256110
27.262508,1900,-5.429130
27.275003,1900,-5.086999
27.287504,1900,-5.184751
27.300003,1900,-3.865101
27.312503,1900,-5.331378
27.325008,1900,-5.184751
27.337499,1900,-5.526882
27.350004,1900,-4.989247
27.362499,1900,-5.526882
27.375000,1900,-5.038123
27.387504,1900,-4.744868
27.400003,1900,-5.135875
27.412504,1900,-4.207234
27.425003,1900,-4.989247
27.437503,1900,-3.962855
27.450000,1900,-5.086999
27.462503,1900,-4.647117
27.475000,1900,-5.575758
27.487503,1900,-5.038123
27.500003,1900,-5.331378
27.512504,1900,-4.158359
27.525003,1900,-4.695992
27.537504,1900,-5.624634
27.550003,1900,-4.989247
27.562503,1900,-3.278592
27.575004,1900,-5.380254
27.587503,1900,-5.135875
27.600004,1900,-4.989247
27.612499,1900,-5.380254
27.625003,1900,-4.891496
27.637504,1900,-5.233626
27.649999,1900,-5.038123
27.662500,1900,-4.256110
27.675008,1900,-3.767350
27.687503,1900,-4.207234
27.700000,1900,-5.526882
27.712503,1900,-4.989247
27.725000,1900,-5.038123
27.737503,1900,-3.229716
27.750003,1900,-5.429130
27.762500,1900,-5.038123
27.775003,1900,-4.940371
27.787508,1900,-5.184751
27.800003,1900,-3.376343
27.812503,1900,-5.478006
27.825000,1900,-5.038123
27.837503,1900,-4.793744
27.850000,1900,-4.989247
27.862503,1900,-4.207234
27.875003,1900,-5.380254
27.887500,1900,-5.233626
27.899999,1900,-4.842620
27.912504,1900,-4.940371
27.924999,1900,-4.793744
27.937503,1900,-5.575758
27.950004,1900,-4.940371
27.962499,1900,-4.989247
27.975008,1900,-4.989247
27.987499,1900,-3.425219
28.000000,1900,-5.380254
28.012500,1900,-5.038123
28.025003,1900,-5.086999
28.037500,1900,-4.109483
28.049999,1900,-4.402738
28.062503,1900,-5.331378
28.075004,1900,-5.282502
28.087499,1900,-4.647117
28.100004,1900,-4.940371
28.112499,1900,-3.571846
28.125000,1900,-4.940371
28.137500,1900,-5.135875
28.149999,1900,-4.891496
28.162504,1900,-4.940371
28.175003,1900,-4.842620
28.187500,1900,-5.038123
28.200000,1900,-5.135875
28.212499,1900,-3.816226
28.225004,1900,-4.891496
28.237503,1900,-3.180840
28.250000,1900,-5.038123
28.262508,1900,-5.380254
28.274999,1900,-4.842620
28.287504,1900,-3.767350
28.299999,1900,-4.158359
28.312503,1900,-5.478006
28.325004,1900,-3.620722
28.337503,1900,-4.989247
28.350000,1900,-5.086999
28.362499,1900,-3.913980
28.375000,1900,-5.331378
28.387500,1900,-4.891496
28.399999,1900,-3.571846
28.412500,1900,-4.891496
28.424999,1900,-4.549365
28.437500,1900,-5.331378
28.450000,1900,-3.767350
28.462499,1900,-4.842620
28.475004,1900,-4.842620
28.487503,1900,-3.767350
28.500003,1900,-3.571846
28.512500,1900,-5.331378
28.524999,1900,-5.184751
28.537500,1900,-5.086999
28.550003,1900,-3.571846
28.562503,1900,-4.647117
28.575008,1900,-5.135875
28.587499,1900,-3.767350
28.600004,1900,-5.331378
28.612503,1900,-3.669598
28.625003,1900,-5.038123
28.637504,1500,-4.793744
28.649999,1500,-3.718474
28.662504,1500,0.093842
28.675003,1500,-0.003910
28.687503,1500,0.044966
28.700004,1500,-0.003910
28.712499,1500,0.044966
28.725000,1500,-0.003910
28.737503,1500,-0.003910
28.750003,1500,-0.003910
28.762504,1500,-0.052786
28.774999,1500,-0.003910
28.787504,1500,-0.003910
28.800003,1500,-0.003910
28.812500,1500,-0.052786
28.825000,1500,-0.003910
28.837503,1500,-0.003910
28.850004,1500,-0.003910
28.862503,1500,-0.003910
28.875003,1500,-0.003910
28.887504,1500,-0.003910
28.899999,1500,-0.003910
28.912504,1500,0.044966
28.925003,1500,-0.003910
28.937503,1500,-0.003910
28.950004,1500,-0.003910
28.962503,1500,0.044966
28.975000,1500,0.044966
28.987508,1500,0.044966
29.000003,1500,-0.052786
29.012504,1500,-0.003910
29.025003,1500,-0.003910
29.037504,1500,-0.003910
29.049999,1500,0.044966
29.062500,1500,-0.003910
29.075000,1500,-0.003910
29.087503,1500,-0.003910
29.100004,1500,-0.052786
29.112503,1500,-0.003910
29.125003,1500,-0.003910
29.137504,1500,0.044966
29.150003,1500,-0.003910
29.162500,1500,-0.052786
29.174999,1500,-0.003910
29.187503,1500,-0.003910
29.200004,1500,0.044966
29.212499,1500,0.044966
29.225000,1500,-0.003910
29.237499,1500,-0.003910
29.250000,1500,-0.003910
29.262504,1500,0.044966
29.274999,1500,-0.003910
29.287504,1500,-0.052786
29.299999,1500,-0.003910
29.312500,1500,-0.052786
29.325000,1500,-0.052786
29.337503,1500,0.044966
29.350000,1500,-0.052786
29.362499,1500,-0.003910
29.375000,1500,0.044966
29.387504,1500,-0.052786
29.399999,1500,-0.052786
29.412504,1500,-0.003910
29.424999,1500,-0.003910
29.437503,1500,-0.003910
29.450004,1500,-0.003910
29.462503,1500,-0.052786
29.475000,1500,-0.003910
29.487499,1500,-0.003910
29.500003,1500,-0.003910
29.512504,1500,-0.003910
29.524999,1500,-0.003910
29.537500,1500,-0.003910
29.549999,1500,-0.003910
29.562503,1500,-0.003910
29.575004,1500,0.044966
29.587499,1500,-0.003910
29.600004,1500,-0.052786
29.612503,1500,-0.003910
29.625000,1500,-0.003910
29.637504,1900,-0.003910
29.649999,1900,-0.003910
29.662504,1900,-0.003910
29.675003,1900,-0.003910
29.687503,1900,-0.003910
29.700000,1900,-0.003910
29.712499,1900,-0.052786
29.725004,1900,-0.003910
29.737503,1900,-0.003910
29.750000,1900,-0.003910
29.762500,1900,-0.199413
29.775003,1900,-0.394917
29.787500,1900,-0.248289
29.799999,1900,-0.248289
29.812500,1900,-0.150537
29.825000,1900,-0.150537
29.837503,1900,-0.101662
29.850000,1900,-0.052786
29.862503,1900,-0.101662
29.875000,1900,-0.150537
29.887508,1900,-0.052786
29.900007,1900,-0.052786
29.912504,1900,-0.443792
29.925003,1900,-0.297165
29.937503,1900,-1.225808
29.950000,1900,-0.932553
29.962499,1900,-1.225808
29.975004,1900,-2.154448
29.987503,1900,-2.252200
30.000003,1900,-2.887585
30.012504,1900,-4.695992
30.025003,1900,-4.353862
30.037504,1900,-4.353862
30.050003,1900,-5.038123
30.062500,1900,-4.500489
30.075004,1900,-3.620722
30.087499,1900,-5.184751
30.100004,1900,-5.086999
30.112503,1900,-5.184751
30.125003,1900,-5.282502
30.137500,1900,-5.038123
30.149999,1900,-5.135875
30.162504,1900,-5.038123
30.175003,1900,-4.011731
30.187503,1900,-5.331378
30.200004,1900,-4.940371
30.212507,1900,-3.816226
30.225004,1900,-5.380254
30.237499,1900,-5.086999
30.250003,1900,-4.451613
30.262504,1900,-5.038123
30.274999,1900,-4.891496
30.287500,1900,-4.744868
30.299999,1900,-3.669598
30.312500,1900,-4.891496
30.325000,1900,-5.429130
30.337507,1900,-4.695992
30.350000,1900,-5.135875
30.362499,1900,-4.695992
30.375000,1900,-4.940371
30.387504,1900,-4.940371
30.400003,1900,-5.184751
30.412500,1900,-5.086999
30.425008,1900,-4.842620
30.437503,1900,-5.282502
30.450004,1900,-4.891496
30.462499,1900,-3.816226
30.475004,1900,-4.402738
30.487499,1900,-4.940371
30.500003,1900,-4.940371
30.512504,1900,-3.816226
30.524999,1900,-5.331378
30.537504,1900,-4.744868
30.549999,1900,-3.425219
30.562503,1900,-5.233626
30.575000,1900,-3.571846
30.587503,1900,-4.891496
30.600004,1900,-4.744868
30.612499,1900,-5.086999
30.625000,1900,-4.940371
30.637504,1500,-3.571846
30.649999,1500,-5.331378
30.662504,1500,0.142717
30.675003,1500,-0.003910
30.687500,1500,0.044966
30.700000,1500,-0.003910
30.712503,1500,-0.003910
30.725000,1500,-0.003910
30.737499,1500,-0.003910
30.750000,1500,-0.003910
30.762500,1500,-0.003910
30.775003,1500,0.044966
30.787500,1500,-0.003910
30.800003,1500,-0.003910
30.812500,1500,-0.003910
30.825004,1500,0.044966
30.837499,1500,0.044966
30.850004,1500,-0.003910
30.862503,1500,-0.003910
30.875003,1500,-0.052786
30.887500,1500,-0.052786
30.899999,1500,-0.003910
30.912504,1500,-0.003910
30.924999,1500,-0.003910
30.937500,1500,-0.003910
30.950000,1500,-0.003910
30.962499,1500,-0.052786
30.975004,1500,-0.003910
30.987503,1500,-0.003910
31.000003,1500,-0.003910
31.012500,1500,-0.003910
31.025003,1500,-0.003910
31.037504,1500,-0.003910
31.049999,1500,0.044966
31.062500,1500,0.044966
31.075004,1500,-0.052786
31.087503,1500,-0.003910
31.100000,1500,-0.003910
31.112503,1500,-0.052786
31.125000,1500,-0.052786
31.137500,1500,-0.003910
31.149999,1500,-0.003910
31.162504,1500,-0.003910
31.174999,1500,-0.003910
31.187503,1500,-0.003910
31.200004,1500,-0.052786
31.212503,1500,-0.003910
31.225000,1500,-0.052786
31.237503,1500,-0.003910
31.250000,1500,-0.003910
31.262504,1500,-0.003910
31.275003,1500,-0.003910
31.287504,1500,0.044966
31.299999,1500,-0.003910
31.312500,1500,-0.003910
31.325004,1500,-0.003910
31.337503,1500,-0.003910
31.350000,1500,-0.003910
31.362503,1500,-0.003910
31.375000,1500,-0.003910
31.387500,1500,-0.003910
31.399999,1500,-0.052786
31.412504,1500,0.044966
31.425003,1500,-0.003910
31.437503,1500,-0.003910
31.450004,1500,-0.003910
31.462499,1500,-0.003910
31.475000,1500,-0.003910
31.487499,1500,-0.003910
31.500000,1500,0.044966
31.512500,1500,-0.052786
31.524999,1500,-0.003910
31.537500,1500,-0.003910
31.549999,1500,0.044966
31.562500,1500,-0.003910
31.575000,1500,-0.003910
31.587503,1500,-0.003910
31.600004,1500,-0.003910
31.612499,1500,0.044966
31.625000,1500,-0.003910
31.637504,1900,-0.003910
31.649999,1900,-0.003910
31.662504,1900,-0.003910
31.675008,1900,-0.003910
31.687507,1900,-0.003910
31.700004,1900,-0.003910
31.712499,1900,-0.003910
31.725004,1900,-0.052786
31.737499,1900,-0.003910
31.750003,1900,-0.003910
31.762500,1900,-6.406647
31.775003,1900,-0.443792
31.787504,1900,-0.297165
31.800003,1900,-0.199413
31.812500,1900,-0.101662
31.825004,1900,-0.150537
31.837503,1900,-0.150537
31.850000,1900,-0.150537
31.862503,1900,-0.101662
31.875000,1900,-0.052786
31.887500,1900,-0.101662
31.899999,1900,-0.101662
31.912500,1900,-0.394917
31.925003,1900,-0.394917
31.937503,1900,-0.737047
31.950000,1900,-0.541544
31.962499,1900,-1.519062
31.975004,1900,-2.105572
31.987499,1900,-1.910069
32.000003,1900,-3.083088
32.012504,1900,-4.304986
32.025001,1900,-4.256110
32.037502,1900,-4.011731
32.050003,1900,-4.304986
32.062500,1900,-5.380254
32.075000,1900,-4.402738
32.087505,1900,-4.695992
32.100002,1900,-4.989247
32.112499,1900,-5.135875
32.125000,1900,-3.865101
32.137504,1500,-4.793744
32.150001,1500,-5.575758
32.162498,1500,0.093842
32.174999,1500,0.093842
32.187511,1500,0.044966
32.200004,1500,-0.003910
32.212501,1500,-0.003910
32.225002,1500,-0.003910
32.237503,1500,-0.003910
32.250000,1500,-0.003910
32.262504,1500,-0.003910
32.275005,1500,-0.003910
32.287498,1500,-0.003910
32.300003,1500,-0.003910
32.312500,1500,-0.003910
32.325004,1500,0.044966
32.337501,1500,-0.003910
32.349998,1500,0.044966
32.362499,1500,-0.052786
32.375000,1500,-0.003910
32.387500,1500,-0.003910
32.400005,1500,-0.003910
32.412498,1500,-0.003910
32.425003,1500,-0.003910
32.437503,1500,-0.003910
32.450004,1500,-0.003910
32.462505,1500,-0.003910
32.475002,1500,-0.003910
32.487503,1500,0.044966
32.500000,1500,-0.003910
32.512504,1500,-0.003910
32.525001,1500,-0.003910
32.537502,1500,-0.003910
32.550003,1500,-0.003910
32.562500,1500,-0.003910
32.575000,1500,0.044966
32.587505,1500,-0.003910
32.600002,1500,-0.003910
32.612503,1500,-0.003910
32.625003,1500,-0.003910
32.637500,1500,-0.003910
32.650001,1500,-0.003910
32.662498,1500,-0.003910
32.675003,1500,-0.003910
32.687500,1500,0.044966
32.700000,1500,-0.003910
32.712501,1500,-0.003910
32.725002,1500,-0.003910
32.737503,1500,-0.003910
32.750000,1500,-0.003910
32.762504,1500,-0.003910
32.775005,1500,0.044966
32.787498,1500,-0.003910
32.800003,1500,-0.003910
32.812500,1500,0.044966
32.825004,1500,-0.052786
32.837501,1500,-0.003910
32.850002,1500,-0.003910
32.862503,1500,0.044966
32.875000,1500,-0.052786
32.887500,1500,-0.003910
32.900005,1500,0.044966
32.912498,1500,-0.003910
32.924999,1500,-0.003910
32.937500,1500,-0.003910
32.950000,1500,-0.003910
32.962501,1500,-0.052786
32.974998,1500,-0.003910
32.987503,1500,-0.003910
33.000003,1500,0.044966
33.012500,1500,-0.003910
33.025005,1500,-0.003910
33.037502,1500,-0.003910
33.049999,1500,-0.003910
33.062503,1500,-0.003910
33.075000,1500,-0.003910
33.087501,1500,-0.003910
33.099998,1500,-0.003910
33.112503,1500,-0.003910
33.125003,1500,0.044966
33.137504,1900,-0.003910
33.150001,1900,-0.003910
33.162502,1900,-0.003910
33.174999,1900,-0.003910
33.187503,1900,-0.003910
33.200004,1900,-0.052786
33.212505,1900,-0.003910
33.225002,1900,-0.003910
33.237499,1900,-0.003910
33.250003,1900,-0.003910
33.262500,1900,-4.598241
33.275001,1900,-0.394917
33.287498,1900,-0.443792
33.300003,1900,-0.297165
33.312500,1900,-0.199413
33.325004,1900,-0.248289
33.337505,1900,-0.101662
33.350002,1900,-0.101662
33.362503,1900,-0.150537
33.375000,1900,-0.101662
33.387504,1500,-0.052786
33.400001,1500,0.044966
33.412502,1500,-0.003910
33.424999,1500,-0.003910
33.437503,1500,-0.003910
33.450004,1500,-0.003910
33.462501,1500,-0.052786
33.475002,1500,-0.052786
33.487503,1500,-0.052786
33.500003,1500,-0.052786
33.512504,1500,-0.003910
33.525001,1500,-0.003910
33.537502,1500,-0.052786
33.550003,1500,-0.052786
33.562500,1500,-0.003910
33.575000,1500,-0.003910
33.587501,1500,-0.003910
33.600002,1500,-0.052786
33.612499,1500,-0.003910
33.625003,1500,-0.003910
33.637500,1500,-0.003910
33.650001,1500,-0.052786
33.662502,1500,-0.052786
33.675003,1500,-0.052786
33.687503,1500,-0.003910
33.700000,1500,-0.003910
33.712505,1500,-0.003910
33.724998,1500,-0.052786
33.737499,1500,-0.003910
33.750000,1500,-0.003910
33.762500,1500,-0.052786
33.775005,1500,-0.003910
33.787498,1500,-0.003910
33.800003,1500,-0.003910
33.812500,1500,-0.003910
33.825004,1500,-0.052786
33.837501,1500,-0.003910
33.849998,1500,-0.003910
33.862499,1500,0.044966
33.875003,1500,-0.003910
33.887504,1500,-0.003910
33.900001,1500,-0.003910
33.912498,1500,-0.052786
33.924999,1500,-0.003910
33.937503,1500,-0.052786
33.950004,1500,-0.003910
33.962501,1500,-0.003910
33.975002,1500,-0.052786
33.987503,1500,-0.003910
34.000003,1500,-0.003910
34.012500,1500,-0.003910
34.025005,1500,-0.003910
34.037498,1500,-0.003910
34.050018,1500,-0.003910
34.062503,1500,0.044966
34.075000,1500,-0.003910
34.087505,1500,-0.003910
34.100002,1500,-0.003910
34.112499,1500,-0.003910
34.125003,1500,-0.003910
34.137504,1500,-0.003910
34.150001,1500,-0.003910
34.162498,1500,0.044966
34.175003,1500,-0.003910
34.187500,1500,-0.003910
34.200000,1500,-0.052786
34.212501,1500,-0.003910
34.225002,1500,-0.003910
34.237503,1500,-0.003910
34.250003,1500,-0.003910
34.262500,1500,-0.003910
34.275001,1500,-0.003910
34.287498,1500,-0.003910
34.299999,1500,-0.003910
34.312500,1500,-0.052786
34.325004,1500,-0.003910
34.337505,1500,-0.003910
34.349998,1500,-0.003910
34.362499,1500,-0.003910
34.375000,1500,-0.003910
34.387500,1900,-0.003910
34.400001,1900,0.044966
34.412498,1900,-0.003910
34.425003,1900,-0.003910
34.437507,1900,0.044966
34.450008,1900,-0.003910
34.462501,1900,-0.003910
34.474998,1900,0.044966
34.487499,1900,-0.003910
34.500000,1900,-6.357771
34.512500,1500,-0.492668
34.525005,1500,-0.394917
34.537498,1500,-0.052786
34.549999,1500,-0.052786
34.562500,1500,-0.052786
34.575004,1500,-0.052786
34.587505,1500,-0.003910
34.600002,1500,-0.052786
34.612503,1500,-0.003910
34.625003,1500,-0.003910
34.637504,1500,-0.003910
34.650005,1500,-0.003910
34.662498,1500,-0.052786
34.675003,1500,-0.003910
34.687500,1500,-0.052786
34.700004,1500,-0.003910
34.712501,1500,-0.003910
34.724998,1500,-0.003910
34.737503,1500,-0.052786
34.750000,1500,-0.052786
34.762500,1500,-0.052786
34.775005,1500,-0.052786
34.787498,1500,-0.052786
34.800003,1500,-0.003910
34.812503,1500,-0.003910
34.825000,1500,-0.003910
34.837505,1500,-0.052786
34.850002,1500,-0.052786
34.862503,1500,-0.052786
34.875003,1500,-0.052786
34.887500,1500,-0.003910
34.900005,1500,-0.003910
34.912502,1500,-0.052786
34.924999,1500,-0.003910
34.937503,1500,-0.003910
34.950004,1500,-0.052786
34.962501,1500,-0.003910
34.975002,1500,-0.052786
34.987503,1500,-0.003910
35.000003,1500,-0.052786
35.012504,1500,-0.003910
35.025005,1500,-0.003910
35.037502,1500,-0.003910
35.050003,1500,-0.052786
35.062500,1500,-0.003910
35.075000,1500,-0.052786
35.087505,1500,-0.052786
35.100002,1500,-0.003910
35.112503,1500,-0.003910
35.125003,1500,-0.003910
35.137504,1500,-0.052786
35.150005,1500,-0.052786
35.162502,1500,-0.052786
35.175003,1500,-0.003910
35.187500,1500,-0.003910
35.200000,1500,-0.052786
35.212501,1500,-0.003910
35.224998,1500,-0.003910
35.237503,1500,-0.003910
35.250000,1500,-0.052786
35.262500,1500,-0.003910
35.275001,1500,-0.003910
35.287498,1500,-0.003910
35.299999,1500,-0.003910
35.312500,1500,-0.052786
35.325004,1500,-0.052786
35.337501,1500,-0.052786
35.349998,1500,-0.003910
35.362499,1500,-0.052786
35.375000,1500,-0.003910
35.387508,1500,0.044966
35.400001,1500,-0.003910
35.412498,1500,-0.052786
35.424999,1500,-0.052786
35.437500,1500,-0.052786
35.450000,1500,-0.052786
35.462505,1500,-0.052786
35.475002,1500,-0.003910
35.487499,1500,-0.052786
35.500003,1500,0.044966
