1500
1500
0.012504,1400,512
0.025004,1400,511
0.037504,1400,511
0.050004,1400,511
0.062500,1400,512
0.075000,1400,514
0.087500,1400,501
0.100000,1400,512
0.112500,1400,511
0.125000,1400,511
0.137504,1400,512
0.150004,1400,511
0.162504,1400,511
0.175000,1400,511
0.187500,1400,512
0.200004,1400,512
0.212500,1400,511
0.225000,1400,512
0.237504,1400,511
0.250000,1400,497
0.262504,1400,512
0.275000,1400,511
0.287500,1400,512
0.300000,1400,512
0.312504,1400,511
0.325000,1400,512
0.337504,1400,510
0.350000,1400,511
0.362504,1400,511
0.375000,1400,511
0.387504,1400,511
0.400000,1400,498
0.412504,1400,498
0.425000,1400,511
0.437504,1400,512
0.450004,1400,512
0.462504,1400,511
0.475000,1400,512
0.487500,1400,512
0.500000,1400,507
0.512504,1400,512
0.525000,1400,511
0.537504,1400,512
0.550004,1400,512
0.562500,1400,511
0.575000,1400,512
0.587500,1400,511
0.600000,1400,511
0.612504,1400,512
0.625000,1400,512
0.637504,1400,511
0.650004,1400,512
0.662504,1400,511
0.675000,1400,512
0.687500,1400,511
0.700000,1400,511
0.712504,1400,512
0.725000,1400,512
0.737500,1400,511
0.750000,1400,512
0.762500,1400,511
0.775000,1400,512
0.787504,1400,512
0.800000,1400,512
0.812504,1400,511
0.825000,1400,512
0.837504,1400,512
0.850004,1400,512
0.862500,1400,511
0.875004,1400,511
0.887500,1400,511
0.900000,1400,511
0.912500,1400,512
0.925000,1400,510
0.937500,1400,511
0.950004,1400,511
0.962504,1400,512
0.975000,1400,512
0.987500,1400,511
1.000000,1400,512
1.012500,1400,512
1.025004,1400,511
1.037504,1400,512
1.050000,1400,512
1.062504,1400,512
1.075000,1400,512
1.087500,1400,511
1.100000,1400,511
1.112504,1400,512
1.125000,1400,512
1.137504,1400,511
1.150000,1400,512
1.162504,1400,512
1.175000,1400,512
1.187504,1400,512
1.200000,1400,512
1.212500,1400,511
1.225000,1400,511
1.237504,1400,511
1.250004,1400,511
1.262504,1400,511
1.275000,1400,511
1.287500,1400,512
1.300000,1400,512
1.312500,1400,511
1.325000,1400,512
1.337504,1400,511
1.350004,1400,512
1.362504,1400,512
1.375000,1400,512
1.387500,1400,513
1.400004,1400,512
1.412504,1400,512
1.425000,1400,511
1.437504,1400,511
1.450004,1400,512
1.462500,1400,511
1.475000,1400,512
1.487500,1400,512
1.500000,1400,512
1.512504,1400,511
1.525000,1400,511
1.537504,1400,512
1.550000,1400,512
1.562500,1400,511
1.575000,1400,512
1.587504,1400,511
1.600000,1400,512
1.612504,1400,511
1.625000,1400,512
1.637504,1400,512
1.650004,1400,512
1.662504,1400,511
1.675000,1400,511
1.687500,1400,512
1.700004,1400,512
1.712504,1400,511
1.725000,1400,511
1.737504,1400,513
1.750004,1400,511
1.762504,1400,511
1.775000,1400,511
1.787500,1400,512
1.800004,1400,512
1.812504,1400,512
1.825000,1400,511
1.837504,1400,511
1.850004,1400,511
1.862504,1400,511
1.875000,1400,511
1.887500,1400,511
1.900000,1400,511
1.912504,1400,512
1.925000,1400,511
1.937504,1400,511
1.950004,1400,510
1.962500,1400,512
1.975000,1400,512
1.987500,1400,512
2.000000,1400,512
2.012504,1500,511
2.025000,1500,511
2.037504,1500,512
2.050004,1500,512
2.062500,1500,510
2.075008,1500,503
2.087500,1500,512
2.100000,1500,497
2.112504,1500,512
2.125000,1500,512
2.137500,1500,511
2.150004,1500,511
2.162504,1500,511
2.175000,1500,512
2.187500,1500,512
2.200004,1500,511
2.212500,1500,500
2.225000,1500,512
2.237504,1500,504
2.250000,1500,511
2.262504,1500,512
2.275000,1500,511
2.287500,1500,511
2.300004,1500,512
2.312504,1500,512
2.325000,1500,512
2.337504,1500,511
2.350000,1500,499
2.362504,1500,512
2.375000,1500,507
2.387504,1500,511
2.400000,1500,511
2.412504,1500,509
2.425000,1500,512
2.437500,1500,511
2.450004,1500,512
2.462504,1500,511
2.475000,1500,511
2.487500,1500,511
2.500004,1500,512
2.512504,1500,508
2.525000,1500,512
2.537504,1500,511
2.550004,1500,502
2.562504,1500,512
2.575000,1500,511
2.587500,1500,512
2.600004,1500,512
2.612504,1500,512
2.625000,1500,512
2.637504,1500,512
2.650004,1500,512
2.662504,1500,512
2.675000,1500,511
2.687500,1500,512
2.700000,1500,512
2.712504,1500,512
2.725000,1500,512
2.737504,1500,512
2.750004,1500,511
2.762504,1500,512
2.775000,1500,511
2.787500,1500,512
2.800004,1500,512
2.812500,1500,512
2.825000,1500,512
2.837504,1500,512
2.850004,1500,512
2.862504,1500,512
2.875000,1500,511
2.887500,1500,512
2.900004,1500,512
2.912504,1500,512
2.925000,1500,511
2.937504,1500,512
2.950004,1500,511
2.962504,1500,512
2.975000,1500,512
2.987500,1500,512
3.000000,1500,512
3.012500,1400,512
3.025000,1400,512
3.037500,1400,513
3.050004,1400,512
3.062500,1400,511
3.075004,1400,511
3.087500,1400,511
3.100000,1400,512
3.112504,1400,512
3.125000,1400,501
3.137504,1400,504
3.150000,1400,504
3.162500,1400,507
3.175000,1400,508
3.187500,1400,508
3.200004,1400,509
3.212504,1400,510
3.225000,1400,511
3.237500,1400,509
3.250000,1400,510
3.262504,1400,510
3.275000,1400,504
3.287500,1400,506
3.300000,1400,501
3.312504,1400,505
3.325000,1400,503
3.337504,1400,507
3.350004,1400,504
3.362504,1400,504
3.375000,1400,505
3.387500,1400,505
3.400000,1400,506
3.412500,1400,505
3.425004,1400,507
3.437504,1400,504
3.450000,1400,505
3.462504,1400,505
3.475000,1400,505
3.487500,1400,504
3.500004,1400,504
3.512500,1400,506
3.525000,1400,506
3.537504,1400,505
3.550000,1400,505
3.562500,1400,507
3.575000,1400,504
3.587504,1400,505
3.600000,1400,506
3.612504,1400,503
3.625000,1400,505
3.637504,1400,503
3.650004,1400,504
3.662504,1400,504
3.675000,1400,504
3.687500,1400,505
3.700000,1400,506
3.712500,1400,506
3.725000,1400,506
3.737504,1400,507
3.750004,1400,506
3.762504,1400,506
3.775000,1400,508
3.787500,1400,506
3.800004,1400,508
3.812504,1400,506
3.825000,1400,507
3.837504,1400,504
3.850004,1400,504
3.862504,1400,505
3.875000,1400,505
3.887504,1400,505
3.900000,1400,505
3.912504,1400,507
3.925000,1400,505
3.937504,1400,508
3.950000,1400,506
3.962500,1400,505
3.975004,1400,507
3.987504,1400,506
4.000000,1400,506
4.012504,1500,505
4.025000,1500,512
4.037504,1500,511
4.050004,1500,511
4.062504,1500,511
4.075000,1500,512
4.087500,1500,511
4.100000,1500,511
4.112500,1500,511
4.125000,1500,512
4.137500,1500,511
4.150004,1500,511
4.162504,1500,511
4.175000,1500,511
4.187500,1500,512
4.200000,1500,511
4.212500,1500,511
4.225000,1500,511
4.237504,1500,512
4.250000,1500,511
4.262504,1500,511
4.275000,1500,511
4.287500,1500,512
4.300000,1500,512
4.312504,1500,511
4.325000,1500,512
4.337504,1500,512
4.350004,1500,512
4.362500,1500,511
4.375004,1500,511
4.387500,1500,512
4.400004,1500,511
4.412500,1500,512
4.425004,1500,512
4.437504,1500,511
4.450004,1500,511
4.462504,1500,512
4.475000,1500,512
4.487500,1500,512
4.500000,1500,512
4.512500,1500,511
4.525000,1500,512
4.537504,1500,512
4.550004,1500,511
4.562504,1500,511
4.575000,1500,511
4.587500,1500,512
4.600004,1500,512
4.612504,1500,511
4.625000,1500,511
4.637504,1500,512
4.650004,1500,511
4.662504,1500,512
4.675000,1500,511
4.687500,1500,511
4.700000,1500,511
4.712504,1500,511
4.725000,1500,511
4.737504,1500,512
4.750004,1500,511
4.762504,1500,512
4.775000,1500,512
4.787504,1500,511
4.800000,1500,511
4.812504,1500,511
4.825000,1500,512
4.837504,1500,511
4.850004,1500,511
4.862504,1500,512
4.875000,1500,512
4.887504,1500,511
4.900000,1500,512
4.912500,1500,511
4.925000,1500,511
4.937504,1500,512
4.950004,1500,512
4.962500,1500,511
4.975000,1500,511
4.987500,1500,512
5.000000,1500,511
5.012500,1400,513
5.025004,1400,512
5.037504,1400,512
5.050000,1400,512
5.062504,1400,511
5.075000,1400,512
5.087500,1400,511
5.100000,1400,511
5.112500,1400,510
5.125000,1400,504
5.137504,1400,501
5.150000,1400,506
5.162504,1400,506
5.175000,1400,509
5.187504,1400,509
5.200000,1400,508
5.212504,1400,509
5.225000,1400,507
5.237504,1400,510
5.250000,1400,510
5.262504,1400,509
5.275008,1400,510
5.287500,1400,506
5.300004,1400,503
5.312500,1400,505
5.325000,1400,503
5.337500,1400,506
5.350004,1400,505
5.362504,1400,505
5.375000,1400,505
5.387500,1400,505
5.400000,1400,505
5.412504,1400,506
5.425000,1400,507
5.437504,1400,506
5.450004,1400,507
5.462504,1400,507
5.475000,1400,507
5.487500,1400,505
5.500004,1400,505
5.512504,1500,504
5.525000,1500,512
5.537504,1500,512
5.550000,1500,511
5.562504,1500,512
5.575000,1500,511
5.587504,1500,511
5.600000,1500,511
5.612504,1500,511
5.625000,1500,512
5.637504,1500,512
5.650004,1500,512
5.662504,1500,512
5.675000,1500,512
5.687500,1500,512
5.700000,1500,512
5.712504,1500,511
5.725000,1500,512
5.737504,1500,511
5.750004,1500,511
5.762504,1500,512
5.775000,1500,511
5.787504,1500,512
5.800000,1500,511
5.812504,1500,511
5.825000,1500,512
5.837504,1500,511
5.850004,1500,511
5.862504,1500,511
5.875000,1500,512
5.887504,1500,511
5.900000,1500,511
5.912504,1500,511
5.925000,1500,511
5.937504,1500,511
5.950004,1500,511
5.962504,1500,512
5.975000,1500,511
5.987500,1500,512
6.000000,1500,512
6.012500,1500,512
6.025000,1500,512
6.037504,1500,511
6.050004,1500,512
6.062500,1500,511
6.075000,1500,512
6.087500,1500,511
6.100000,1500,512
6.112500,1500,512
6.125000,1500,511
6.137504,1500,511
6.150004,1500,511
6.162500,1500,511
6.175000,1500,512
6.187504,1500,512
6.200000,1500,512
6.212500,1500,511
6.225000,1500,512
6.237504,1500,511
6.250004,1500,511
6.262504,1500,512
6.275000,1500,511
6.287504,1500,511
6.300000,1500,511
6.312504,1500,511
6.325000,1500,511
6.337504,1500,511
6.350000,1500,512
6.362500,1500,511
6.375000,1500,511
6.387504,1500,512
6.400000,1500,512
6.412504,1500,512
6.425004,1500,511
6.437504,1500,511
6.450004,1500,512
6.462504,1500,512
6.475000,1500,511
6.487504,1500,512
6.500000,1500,512
6.512500,1400,512
6.525000,1400,512
6.537500,1400,511
6.550004,1400,512
6.562504,1400,512
6.575000,1400,512
6.587504,1400,511
6.600000,1400,511
6.612500,1400,512
6.625000,1400,479
6.637500,1400,504
6.650000,1400,504
6.662504,1400,506
6.675000,1400,507
6.687504,1400,508
6.700000,1400,509
6.712504,1400,509
6.725000,1400,508
6.737504,1400,510
6.750000,1400,509
6.762504,1500,510
6.775000,1500,509
6.787504,1500,512
6.800000,1500,511
6.812504,1500,511
6.825000,1500,511
6.837504,1500,510
6.850004,1500,511
6.862504,1500,511
6.875000,1500,511
6.887504,1500,510
6.900000,1500,511
6.912500,1500,511
6.925000,1500,511
6.937504,1500,511
6.950004,1500,512
6.962504,1500,511
6.975000,1500,511
6.987504,1500,511
7.000000,1500,512
7.012504,1500,511
7.025000,1500,512
7.037504,1500,511
7.050004,1500,511
7.062500,1500,511
7.075004,1500,511
7.087504,1500,511
7.100000,1500,511
7.112504,1500,511
7.125000,1500,511
7.137504,1500,511
7.150000,1500,511
7.162504,1500,511
7.175004,1500,511
7.187500,1500,511
7.200004,1500,512
7.212500,1500,511
7.225000,1500,511
7.237504,1500,511
7.250004,1500,511
7.262504,1500,511
7.275004,1500,511
7.287504,1500,510
7.300000,1500,511
7.312500,1500,510
7.325000,1500,511
7.337504,1500,511
7.350004,1500,512
7.362504,1500,511
7.375004,1500,511
7.387504,1500,512
7.400000,1500,512
7.412504,1500,512
7.425000,1500,511
7.437504,1500,511
7.450000,1500,512
7.462504,1500,512
7.475000,1500,512
7.487504,1500,512
7.500000,1500,511
7.512504,1500,511
7.525000,1500,512
7.537504,1500,511
7.550000,1500,512
7.562504,1500,512
7.575004,1500,512
7.587504,1500,511
7.600000,1500,512
7.612500,1500,512
7.625000,1500,511
7.637504,1500,511
7.650004,1500,511
7.662504,1500,512
7.675004,1500,511
7.687504,1500,512
7.700000,1500,512
7.712500,1500,512
7.725000,1500,511
7.737504,1500,511
7.750004,1500,511
7.762500,1400,511
7.775004,1400,511
7.787504,1400,511
7.800000,1400,511
7.812504,1400,512
7.825000,1400,512
7.837504,1400,512
7.850004,1400,512
7.862500,1400,511
7.875004,1400,512
7.887504,1500,477
7.900000,1500,510
7.912504,1500,510
7.925000,1500,512
7.937504,1500,511
7.950000,1500,511
7.962500,1500,511
7.975000,1500,511
7.987500,1500,511
8.000000,1500,510
8.012504,1500,511
8.025000,1500,511
8.037505,1500,511
8.050004,1500,511
8.062504,1500,511
8.075004,1500,511
8.087505,1500,510
8.100001,1500,511
8.112504,1500,511
8.125000,1500,511
8.137500,1500,510
8.150005,1500,510
8.162505,1500,511
8.175001,1500,512
8.187504,1500,511
8.200000,1500,512
8.212505,1500,511
8.225001,1500,511
8.237501,1500,511
8.250004,1500,511
8.262504,1500,511
8.275000,1500,511
8.287501,1500,511
8.300001,1500,511
8.312504,1500,511
8.325000,1500,511
8.337500,1500,511
8.350001,1500,511
8.362504,1500,511
8.375004,1500,511
8.387504,1500,511
8.400000,1500,511
8.412501,1500,511
8.425001,1500,511
8.437504,1500,511
8.450000,1500,512
8.462505,1500,511
8.475008,1500,511
8.487504,1500,511
8.500000,1500,510
8.512500,1500,511
8.525000,1500,511
8.537505,1500,511
8.550004,1500,511
8.562504,1500,511
8.575004,1500,511
8.587505,1500,510
8.600001,1500,511
8.612501,1500,511
8.625000,1500,512
8.637500,1500,511
8.650005,1500,511
8.662501,1500,511
8.675001,1500,511
8.687504,1500,511
8.700000,1500,511
8.712505,1500,511
8.725001,1500,511
8.737504,1500,511
8.750000,1500,511
8.762504,1500,511
8.775005,1500,511
8.787505,1500,511
8.800001,1500,511
8.812504,1500,511
8.825000,1500,511
8.837505,1500,511
8.850005,1500,511
8.862504,1500,511
8.875004,1500,510
8.887504,1300,511
8.900000,1300,437
8.912501,1300,413
8.925001,1300,423
8.937504,1300,426
8.950004,1300,456
8.962505,1300,425
8.975005,1300,440
8.987504,1300,452
9.000000,1300,470
9.012504,1300,460
9.025000,1300,467
9.037505,1300,478
9.050004,1300,485
9.062504,1300,474
9.075000,1300,470
9.087505,1300,473
9.100001,1300,470
9.112504,1300,482
9.125000,1300,474
9.137504,1300,472
9.150005,1300,485
9.162505,1300,470
9.175004,1300,470
9.187504,1300,477
9.200004,1300,471
9.212500,1300,482
9.225001,1300,470
9.237504,1300,471
9.250004,1300,475
9.262500,1300,472
9.275005,1300,473
9.287505,1300,468
9.300001,1300,483
9.312504,1300,473
9.325000,1300,474
9.337500,1300,476
9.350005,1300,469
9.362504,1300,484
9.375000,1300,475
9.387500,1300,471
9.400000,1300,478
9.412505,1300,469
9.425001,1300,487
9.437504,1300,474
9.450004,1300,473
9.462505,1300,474
9.475001,1300,471
9.487504,1300,475
9.500000,1300,474
9.512504,1300,473
9.525000,1300,477
9.537501,1300,469
9.550001,1300,472
9.562500,1300,473
9.575004,1300,476
9.587505,1300,474
9.600001,1300,477
9.612504,1300,473
9.625004,1300,472
9.637504,1300,479
9.650005,1300,473
9.662505,1300,472
9.675004,1300,471
9.687504,1300,474
9.700000,1300,487
9.712505,1300,473
9.725001,1300,484
9.737504,1300,473
9.750004,1300,471
9.762504,1300,475
9.775005,1300,471
9.787505,1300,487
9.800001,1300,471
9.812500,1300,473
9.825000,1300,476
9.837505,1300,474
9.850001,1300,479
9.862504,1300,473
9.875004,1300,479
9.887504,1300,479
9.900000,1300,470
9.912505,1300,475
9.925001,1300,475
9.937504,1300,485
9.950000,1300,478
9.962505,1300,477
9.975005,1300,476
9.987504,1300,471
10.000000,1300,488
10.012500,1300,475
10.025000,1300,470
10.037505,1300,479
10.050004,1300,471
10.062504,1300,482
10.075004,1300,477
10.087505,1300,474
10.100001,1300,478
10.112501,1300,471
10.125000,1300,479
10.137504,1300,475
10.150005,1300,476
10.162505,1300,485
10.175004,1300,472
10.187500,1300,475
10.200000,1300,481
10.212505,1300,473
10.225005,1300,484
10.237504,1300,470
10.250004,1300,473
10.262504,1300,475
10.275005,1300,478
10.287501,1300,476
10.300001,1300,471
10.312500,1300,471
10.325000,1300,480
10.337505,1300,476
10.350005,1300,472
10.362504,1300,474
10.375004,1300,477
10.387504,1300,476
10.400000,1300,479
10.412501,1300,474
10.425001,1300,485
10.437504,1300,479
10.450004,1300,474
10.462505,1300,477
10.475005,1300,471
10.487504,1300,480
10.500000,1300,473
10.512500,1300,476
10.525000,1300,478
10.537505,1300,470
10.550004,1300,480
10.562504,1300,477
10.575004,1300,471
10.587500,1300,487
10.600001,1300,475
10.612501,1300,471
10.625000,1300,479
10.637504,1300,472
10.650005,1300,485
10.662505,1300,471
10.675004,1300,472
10.687500,1300,486
10.700000,1300,474
10.712500,1300,477
10.725001,1300,474
10.737504,1300,473
10.750004,1300,482
10.762504,1300,475
10.775005,1300,469
10.787505,1300,476
10.800001,1300,478
10.812500,1300,475
10.825000,1300,479
10.837505,1300,471
10.850005,1300,481
10.862504,1300,476
10.875004,1300,470
10.887504,1500,483
10.900000,1500,513
10.912501,1500,511
10.925001,1500,511
10.937504,1500,512
10.950004,1500,511
10.962505,1500,511
10.975005,1500,510
10.987501,1500,511
11.000000,1500,512
11.012500,1500,511
11.025000,1500,512
11.037505,1500,512
11.050004,1500,511
11.062504,1500,511
11.075004,1500,512
11.087500,1500,511
11.100001,1500,511
11.112501,1500,511
11.125000,1500,511
11.137504,1500,512
11.150005,1500,512
11.162505,1500,512
11.175004,1500,511
11.187504,1500,511
11.200000,1500,512
11.212500,1500,511
11.225001,1500,511
11.237504,1500,511
11.250004,1500,512
11.262504,1500,512
11.275005,1500,512
11.287501,1500,511
11.300001,1500,512
11.312500,1500,512
11.325000,1500,512
11.337505,1500,512
11.350005,1500,512
11.362504,1500,512
11.375004,1500,512
11.387500,1500,512
11.400000,1500,512
11.412501,1500,512
11.425001,1500,512
11.437504,1500,512
11.450004,1500,511
11.462505,1500,511
11.475005,1500,511
11.487501,1500,511
11.500000,1500,512
11.512500,1500,511
11.525000,1500,512
11.537505,1500,511
11.550004,1500,511
11.562504,1500,512
11.575004,1500,511
11.587505,1500,511
11.600001,1500,511
11.612501,1500,512
11.625000,1500,512
11.637504,1500,511
11.650005,1500,511
11.662505,1500,511
11.675012,1500,511
11.687500,1500,512
11.700000,1500,512
11.712500,1500,511
11.725001,1500,511
11.737504,1500,512
11.750004,1500,511
11.762504,1500,512
11.775005,1500,512
11.787501,1500,512
11.800001,1500,511
11.812500,1500,511
11.825000,1500,511
11.837505,1500,511
11.850005,1500,511
11.862504,1500,512
11.875004,1500,512
11.887500,1300,512
11.900000,1300,511
11.912501,1300,512
11.925001,1300,511
11.937504,1300,511
11.950004,1300,511
11.962505,1300,511
11.975005,1300,512
11.987504,1300,512
12.000000,1300,410
12.012500,1300,415
12.025000,1300,503
12.037501,1300,505
12.050004,1300,508
12.062504,1300,509
12.075004,1300,507
12.087505,1300,509
12.100001,1300,510
12.112501,1300,509
12.125000,1300,509
12.137504,1300,511
12.150005,1300,511
12.162505,1300,504
12.175004,1300,504
12.187500,1300,500
12.200000,1300,474
12.212500,1300,481
12.225001,1300,479
12.237504,1300,467
12.250004,1300,475
12.262504,1300,469
12.275005,1300,473
12.287501,1300,472
12.300001,1300,477
12.312500,1300,483
12.325000,1300,478
12.337505,1300,473
12.350005,1300,475
12.362504,1300,474
12.375004,1300,485
12.387504,1300,476
12.400000,1300,476
12.412501,1300,475
12.425001,1300,475
12.437504,1300,486
12.450004,1300,476
12.462505,1300,481
12.475005,1300,470
12.487501,1300,475
12.500000,1300,475
12.512500,1300,477
12.525000,1300,489
12.537505,1300,474
12.550004,1300,477
12.562504,1300,478
12.575004,1300,471
12.587500,1300,479
12.600001,1300,473
12.612501,1300,487
12.625000,1300,476
12.637504,1300,474
12.650005,1300,477
12.662505,1300,473
12.675004,1300,471
12.687504,1300,476
12.700000,1300,484
12.712505,1300,475
12.725001,1300,482
12.737504,1300,475
12.750004,1300,475
12.762504,1300,480
12.775005,1300,470
12.787505,1300,478
12.800001,1300,472
12.812500,1300,474
12.825000,1300,475
12.837505,1300,490
12.850005,1300,476
12.862504,1300,481
12.875004,1300,472
12.887504,1500,479
12.900000,1500,514
12.912501,1500,511
12.925001,1500,512
12.937500,1500,511
12.950004,1500,511
12.962505,1500,511
12.975005,1500,512
12.987501,1500,511
13.000000,1500,511
13.012500,1500,511
13.025000,1500,511
13.037501,1500,512
13.050004,1500,512
13.062504,1500,511
13.075004,1500,513
13.087500,1500,512
13.100001,1500,511
13.112501,1500,511
13.125000,1500,511
13.137504,1500,510
13.150005,1500,511
13.162505,1500,511
13.175004,1500,512
13.187504,1500,511
13.200000,1500,512
13.212500,1500,511
13.225001,1500,511
13.237501,1500,511
13.250004,1500,512
13.262504,1500,512
13.275005,1500,511
13.287501,1500,512
13.300001,1500,512
13.312500,1500,511
13.325000,1500,511
13.337500,1500,512
13.350005,1500,511
13.362504,1500,512
13.375004,1500,512
13.387500,1500,511
13.400000,1500,512
13.412501,1500,512
13.425001,1500,512
13.437500,1500,511
13.450004,1500,511
13.462505,1500,512
13.475005,1500,512
13.487501,1500,512
13.500000,1500,512
13.512500,1500,511
13.525000,1500,511
13.537505,1500,512
13.550004,1500,512
13.562504,1500,512
13.575004,1500,511
13.587500,1500,511
13.600001,1500,511
13.612501,1500,511
13.625000,1500,511
13.637504,1500,511
13.650005,1500,511
13.662505,1500,511
13.675004,1500,511
13.687504,1500,512
13.700000,1500,512
13.712500,1500,511
13.725001,1500,510
13.737501,1500,511
13.750004,1500,512
13.762504,1500,512
13.775005,1500,511
13.787501,1500,511
13.800001,1500,512
13.812500,1500,511
13.825000,1500,512
13.837500,1500,511
13.850005,1500,512
13.862504,1500,511
13.875004,1500,512
13.887500,1300,512
13.900000,1300,511
13.912501,1300,512
13.925001,1300,512
13.937504,1300,511
13.950004,1300,511
13.962505,1300,511
13.975005,1300,511
13.987504,1300,512
14.000000,1300,406
14.012500,1300,410
14.025000,1300,505
14.037505,1300,502
14.050004,1300,507
14.062504,1300,508
14.075004,1300,509
14.087505,1300,509
14.100001,1300,510
14.112501,1300,509
14.125000,1300,508
14.137500,1300,510
14.150005,1300,511
14.162505,1300,502
14.175004,1300,506
14.187504,1300,497
14.200000,1300,488
14.212500,1300,504
14.225001,1300,486
14.237501,1300,477
14.250004,1300,473
14.262504,1300,467
14.275005,1300,469
14.287505,1300,468
14.300001,1300,474
14.312500,1300,481
14.325000,1300,478
14.337505,1300,474
14.350005,1300,476
14.362504,1300,470
14.375004,1300,473
14.387504,1500,471
14.400000,1500,514
14.412501,1500,511
14.425001,1500,511
14.437500,1500,512
14.450004,1500,511
14.462505,1500,512
14.475005,1500,511
14.487504,1500,512
14.500000,1500,511
14.512500,1500,511
14.525000,1500,511
14.537505,1500,511
14.550004,1500,512
14.562504,1500,512
14.575004,1500,511
14.587505,1500,512
14.600001,1500,511
14.612501,1500,511
14.625000,1500,511
14.637500,1500,511
14.650005,1500,511
14.662505,1500,512
14.675004,1500,511
14.687504,1500,512
14.700000,1500,512
14.712500,1500,511
14.725001,1500,512
14.737501,1500,512
14.750004,1500,512
14.762504,1500,512
14.775005,1500,511
14.787505,1500,512
14.800001,1500,510
14.812500,1500,511
14.825000,1500,511
14.837505,1500,511
14.850005,1500,512
14.862504,1500,511
14.875013,1500,511
14.887504,1500,511
14.900000,1500,512
14.912501,1500,511
14.925001,1500,511
14.937500,1500,511
14.950004,1500,511
14.962505,1500,511
14.975005,1500,511
14.987504,1500,511
15.000000,1500,512
15.012500,1500,510
15.025000,1500,511
15.037501,1500,512
15.050004,1500,512
15.062504,1500,512
15.075004,1500,512
15.087505,1500,511
15.100001,1500,512
15.112501,1500,511
15.125000,1500,511
15.137504,1500,511
15.150005,1500,511
15.162505,1500,511
15.175004,1500,511
15.187504,1500,512
15.200000,1500,512
15.212500,1500,512
15.225001,1500,511
15.237504,1500,511
15.250004,1500,511
15.262504,1500,511
15.275005,1500,511
15.287505,1500,511
15.300001,1500,512
15.312500,1500,512
15.325000,1500,511
15.337500,1500,511
15.350005,1500,511
15.362504,1500,511
15.375004,1500,511
15.387500,1300,512
15.400000,1300,511
15.412501,1300,511
15.425001,1300,511
15.437500,1300,511
15.450004,1300,511
15.462505,1300,512
15.475005,1300,512
15.487504,1300,511
15.500000,1300,511
15.512500,1300,430
15.525000,1300,503
15.537505,1300,507
15.550004,1300,507
15.562504,1300,508
15.575004,1300,508
15.587505,1300,509
15.600001,1300,510
15.612501,1300,508
15.625000,1300,510
15.637504,1500,510
15.650005,1500,510
15.662505,1500,513
15.675004,1500,511
15.687504,1500,512
15.700000,1500,510
15.712500,1500,511
15.725001,1500,511
15.737501,1500,511
15.750004,1500,511
15.762504,1500,512
15.775005,1500,511
15.787505,1500,512
15.800001,1500,511
15.812500,1500,511
15.825000,1500,511
15.837500,1500,512
15.850005,1500,512
15.862504,1500,511
15.875004,1500,512
15.887504,1500,511
15.900000,1500,511
15.912501,1500,511
15.925001,1500,511
15.937504,1500,511
15.950004,1500,511
15.962505,1500,511
15.975005,1500,511
15.987504,1500,511
16.000000,1500,511
16.012500,1500,511
16.024999,1500,511
16.037504,1500,511
16.050003,1500,511
16.062503,1500,511
16.075004,1500,512
16.087503,1500,511
16.100000,1500,512
16.112499,1500,510
16.125000,1500,511
16.137504,1500,511
16.150003,1500,511
16.162504,1500,511
16.175003,1500,510
16.187503,1500,511
16.200000,1500,511
16.212499,1500,511
16.225000,1500,511
16.237499,1500,511
16.250003,1500,512
16.262504,1500,511
16.275003,1500,512
16.287504,1500,512
16.299999,1500,511
16.312500,1500,512
16.325000,1500,512
16.337503,1500,511
16.350004,1500,512
16.362503,1500,511
16.375003,1500,511
16.387504,1500,511
16.399999,1500,511
16.412500,1500,512
16.424999,1500,511
16.437500,1500,511
16.450004,1500,511
16.462503,1500,512
16.475004,1500,512
16.487503,1500,512
16.500000,1500,511
16.512500,1500,511
16.524999,1500,512
16.537500,1500,511
16.550003,1500,512
16.562503,1500,512
16.575004,1500,512
16.587503,1500,511
16.600000,1500,512
16.612499,1500,512
16.625000,1500,511
16.637500,1300,512
16.650003,1300,511
16.662504,1300,512
16.675003,1300,511
16.687503,1300,512
16.700000,1300,512
16.712499,1300,511
16.725000,1300,512
16.737503,1300,512
16.750003,1300,512
16.762504,1500,415
16.775003,1500,413
16.787504,1500,510
16.799999,1500,511
16.812500,1500,511
16.825000,1500,511
16.837503,1500,511
16.850004,1500,511
16.862503,1500,511
16.875003,1500,511
16.887504,1500,511
16.899999,1500,511
16.912500,1500,511
16.924999,1500,511
16.937500,1500,511
16.950004,1500,510
16.962503,1500,511
16.975004,1500,511
16.987503,1500,511
17.000000,1500,511
17.012500,1500,511
17.024999,1500,511
17.037500,1500,511
17.050003,1500,510
17.062503,1500,511
17.075004,1500,511
17.087503,1500,511
17.100000,1500,511
17.112499,1500,510
17.125000,1500,511
17.137504,1500,511
17.150003,1500,511
17.162504,1500,512
17.175003,1500,511
17.187503,1500,511
17.200000,1500,511
17.212499,1500,511
17.225000,1500,511
17.237503,1500,511
17.250003,1500,511
17.262504,1500,511
17.275003,1500,511
17.287504,1500,511
17.299999,1500,511
17.312500,1500,511
17.325000,1500,511
17.337499,1500,512
17.350000,1500,511
17.362503,1500,510
17.375003,1500,511
17.387504,1500,511
17.399999,1500,511
17.412500,1500,511
17.424999,1500,511
17.437500,1500,511
17.450004,1500,511
17.462503,1500,511
17.475004,1500,511
17.487503,1500,510
17.500000,1500,511
17.512504,1500,511
17.524999,1500,511
17.537504,1500,511
17.550003,1500,511
17.562503,1500,511
17.575004,1500,511
17.587503,1500,510
17.600000,1500,512
17.612499,1500,511
17.625000,1500,511
17.637504,1500,511
17.650003,1500,511
17.662504,1500,511
17.675003,1500,511
17.687503,1500,510
17.700000,1500,511
17.712499,1500,511
17.725000,1500,511
17.737499,1500,511
17.750003,1500,511
17.762500,1200,511
17.775003,1200,510
17.787504,1200,419
17.799999,1200,406
17.812500,1200,397
17.825000,1200,402
17.837499,1200,386
17.850004,1200,414
17.862503,1200,418
17.875003,1200,447
17.887504,1200,422
17.899999,1200,435
17.912500,1200,432
17.924999,1200,436
17.937503,1200,431
17.950004,1200,440
17.962503,1200,436
17.975004,1200,441
17.987503,1200,436
18.000000,1200,438
18.012504,1200,431
18.024999,1200,460
18.037504,1200,437
18.050003,1200,442
18.062503,1200,440
18.075012,1200,436
18.087503,1200,435
18.100000,1200,455
18.112499,1200,440
18.125000,1200,445
18.137504,1200,438
18.150003,1200,446
18.162504,1200,432
18.175003,1200,456
18.187503,1200,439
18.200000,1200,458
18.212499,1200,438
18.225000,1200,449
18.237499,1200,432
18.250003,1200,440
18.262504,1200,437
18.275003,1200,454
18.287504,1200,439
18.299999,1200,451
18.312500,1200,437
18.325000,1200,448
18.337503,1200,438
18.350004,1200,438
18.362503,1200,439
18.375003,1200,433
18.387504,1200,435
18.399999,1200,433
18.412500,1200,443
18.424999,1200,435
18.437507,1200,463
18.450004,1200,440
18.462503,1200,448
18.475004,1200,436
18.487503,1200,438
18.500000,1200,441
18.512500,1200,436
18.524999,1200,440
18.537500,1200,433
18.550003,1200,436
18.562503,1200,431
18.575004,1200,443
18.587503,1200,434
18.600000,1200,442
18.612499,1200,434
18.625000,1200,435
18.637500,1200,431
18.650003,1200,442
18.662504,1200,435
18.675003,1200,440
18.687503,1200,435
18.700000,1200,439
18.712499,1200,433
18.725000,1200,443
18.737503,1200,436
18.750003,1200,443
18.762504,1200,435
18.775003,1200,437
18.787504,1200,441
18.799999,1200,442
18.812500,1200,442
18.825000,1200,442
18.837503,1200,457
18.850004,1200,435
18.862503,1200,439
18.875003,1200,434
18.887504,1200,440
18.899999,1200,443
18.912500,1200,436
18.924999,1200,438
18.937500,1200,437
18.950004,1200,443
18.962503,1200,439
18.975004,1200,434
18.987503,1200,439
19.000000,1200,434
19.012500,1200,444
19.024999,1200,446
19.037500,1200,434
19.050003,1200,443
19.062503,1200,433
19.075004,1200,442
19.087503,1200,446
19.100000,1200,435
19.112499,1200,440
19.125000,1200,454
19.137504,1200,435
19.150003,1200,435
19.162504,1200,452
19.175003,1200,434
19.187503,1200,438
19.200000,1200,440
19.212499,1200,435
19.225000,1200,439
19.237503,1200,443
19.250003,1200,448
19.262504,1200,432
19.275003,1200,438
19.287504,1200,435
19.299999,1200,439
19.312500,1200,441
19.325000,1200,444
19.337503,1200,440
19.350004,1200,440
19.362503,1200,449
19.375003,1200,432
19.387504,1200,441
19.399999,1200,458
19.412500,1200,434
19.424999,1200,438
19.437500,1200,440
19.450004,1200,436
19.462503,1200,441
19.475004,1200,437
19.487503,1200,463
19.500000,1200,439
19.512504,1200,443
19.524999,1200,439
19.537504,1200,445
19.550003,1200,435
19.562503,1200,441
19.575004,1200,436
19.587503,1200,449
19.600000,1200,438
19.612499,1200,443
19.625000,1200,437
19.637504,1200,434
19.650003,1200,440
19.662504,1200,443
19.675003,1200,447
19.687503,1200,434
19.700000,1200,443
19.712499,1200,456
19.725000,1200,434
19.737499,1200,439
19.750003,1200,441
19.762504,1500,438
19.775003,1500,440
19.787504,1500,511
19.799999,1500,511
19.812500,1500,512
19.825000,1500,511
19.837499,1500,511
19.850004,1500,511
19.862503,1500,512
19.875003,1500,511
19.887504,1500,512
19.899999,1500,511
19.912500,1500,512
19.924999,1500,511
19.937503,1500,511
19.950000,1500,512
19.962503,1500,511
19.975004,1500,511
19.987503,1500,511
20.000000,1500,511
20.012500,1500,511
20.024999,1500,512
20.037500,1500,511
20.049999,1500,511
20.062503,1500,511
20.075004,1500,511
20.087503,1500,511
20.100000,1500,512
20.112499,1500,512
20.125000,1500,512
20.137504,1500,512
20.150003,1500,511
20.162504,1500,512
20.175003,1500,511
20.187500,1500,511
20.200000,1500,512
20.212499,1500,511
20.225000,1500,511
20.237499,1500,511
20.250003,1500,511
20.262504,1500,512
20.275003,1500,511
20.287504,1500,511
20.299999,1500,511
20.312500,1500,511
20.325000,1500,511
20.337503,1500,512
20.350000,1500,512
20.362503,1500,512
20.375003,1500,512
20.387504,1500,511
20.399999,1500,511
20.412500,1500,511
20.424999,1500,511
20.437503,1500,512
20.450000,1500,511
20.462503,1500,512
20.475004,1500,511
20.487503,1500,512
20.500000,1500,512
20.512500,1500,511
20.524999,1500,511
20.537515,1500,511
20.550003,1500,511
20.562503,1500,511
20.575004,1500,511
20.587503,1500,511
20.600000,1500,512
20.612499,1500,512
20.625000,1500,511
20.637500,1500,511
20.650003,1500,511
20.662504,1500,511
20.675003,1500,512
20.687503,1500,512
20.700000,1500,512
20.712499,1500,512
20.725000,1500,512
20.737499,1500,511
20.750000,1500,511
20.762504,1200,511
20.775003,1200,512
20.787504,1200,511
20.799999,1200,511
20.812500,1200,512
20.825000,1200,512
20.837499,1200,511
20.850004,1200,511
20.862503,1200,512
20.875003,1200,461
20.887504,1200,503
20.899999,1200,502
20.912500,1200,502
20.924999,1200,507
20.937500,1200,507
20.950004,1200,508
20.962503,1200,508
20.975004,1200,509
20.987503,1200,510
21.000000,1200,509
21.012500,1200,507
21.024999,1200,509
21.037500,1200,510
21.050003,1200,505
21.062503,1200,498
21.075004,1200,500
21.087503,1200,482
21.100000,1200,472
21.112499,1200,476
21.125000,1200,459
21.137500,1200,460
21.149999,1200,435
21.162504,1200,455
21.175003,1200,437
21.187503,1200,439
21.200000,1200,438
21.212499,1200,462
21.225000,1200,434
21.237499,1200,443
21.250000,1200,440
21.262500,1200,435
21.275011,1200,455
21.287504,1200,440
21.299999,1200,444
21.312500,1200,437
21.325000,1200,434
21.337499,1200,441
21.350004,1200,436
21.362503,1200,444
21.375003,1200,454
21.387504,1200,434
21.399999,1200,443
21.412500,1200,444
21.424999,1200,441
21.437500,1200,438
21.450000,1200,440
21.462503,1200,442
21.475004,1200,460
21.487503,1200,439
21.500000,1200,440
21.512504,1200,450
21.524999,1200,442
21.537500,1200,445
21.549999,1200,445
21.562503,1200,437
21.575004,1200,444
21.587503,1200,437
21.600000,1200,441
21.612499,1200,459
21.625000,1200,435
21.637504,1200,444
21.649999,1200,441
21.662504,1200,444
21.675003,1200,438
21.687503,1200,437
21.700000,1200,442
21.712499,1200,461
21.725000,1200,436
21.737499,1200,439
21.750003,1200,441
21.762504,1500,438
21.775003,1500,441
21.787504,1500,512
21.799999,1500,511
21.812500,1500,511
21.825000,1500,511
21.837499,1500,511
21.850004,1500,511
21.862503,1500,511
21.875003,1500,512
21.887504,1500,511
21.899999,1500,511
21.912500,1500,512
21.924999,1500,511
21.937500,1500,511
21.950000,1500,511
21.962503,1500,511
21.975004,1500,512
21.987503,1500,512
22.000000,1500,511
22.012504,1500,511
22.024999,1500,512
22.037500,1500,511
22.050003,1500,511
22.062503,1500,512
22.075004,1500,511
22.087503,1500,511
22.100000,1500,511
22.112499,1500,512
22.125000,1500,511
22.137500,1500,512
22.150003,1500,511
22.162504,1500,512
22.175003,1500,512
22.187503,1500,512
22.200000,1500,511
22.212499,1500,512
22.225000,1500,512
22.237499,1500,512
22.250003,1500,512
22.262504,1500,511
22.275003,1500,512
22.287504,1500,511
22.299999,1500,512
22.312500,1500,512
22.325000,1500,511
22.337499,1500,512
22.350000,1500,512
22.362503,1500,512
22.375003,1500,512
22.387504,1500,512
22.399999,1500,512
22.412500,1500,512
22.424999,1500,511
22.437500,1500,512
22.450000,1500,511
22.462503,1500,511
22.475004,1500,513
22.487503,1500,511
22.500000,1500,511
22.512500,1500,511
22.524999,1500,510
22.537500,1500,512
22.550003,1500,512
22.562503,1500,511
22.575004,1500,511
22.587503,1500,511
22.600000,1500,511
22.612499,1500,511
22.625000,1500,512
22.637500,1500,510
22.650003,1500,511
22.662504,1500,511
22.675003,1500,511
22.687503,1500,511
22.700000,1500,512
22.712499,1500,512
22.725000,1500,512
22.737499,1500,511
22.750000,1500,512
22.762504,1200,512
22.775003,1200,511
22.787504,1200,512
22.800003,1200,512
22.812500,1200,512
22.825000,1200,512
22.837499,1200,512
22.850004,1200,511
22.862503,1200,511
22.875003,1200,512
22.887504,1200,422
22.899999,1200,504
22.912500,1200,504
22.924999,1200,506
22.937500,1200,508
22.950004,1200,509
22.962503,1200,506
22.975004,1200,508
22.987503,1200,509
23.000000,1200,508
23.012504,1200,510
23.024999,1200,510
23.037500,1200,511
23.050003,1200,508
23.062503,1200,499
23.075004,1200,501
23.087503,1200,494
23.100000,1200,468
23.112499,1200,475
23.125000,1200,452
23.137500,1200,480
23.149999,1200,428
23.162504,1200,435
23.175003,1200,438
23.187503,1200,440
23.200000,1200,432
23.212499,1200,442
23.225000,1200,448
23.237499,1200,436
23.250000,1200,436
23.262504,1500,442
23.275003,1500,442
23.287504,1500,512
23.299999,1500,513
23.312500,1500,514
23.325000,1500,511
23.337499,1500,511
23.350004,1500,512
23.362503,1500,512
23.375003,1500,511
23.387504,1500,511
23.399999,1500,511
23.412500,1500,511
23.424999,1500,512
23.437500,1500,511
23.450004,1500,511
23.462503,1500,511
23.475004,1500,511
23.487503,1500,512
23.500000,1500,512
23.512504,1500,511
23.524999,1500,511
23.537500,1500,511
23.549999,1500,511
23.562503,1500,511
23.575004,1500,511
23.587503,1500,512
23.600000,1500,511
23.612499,1500,511
23.625000,1500,511
23.637500,1500,512
23.649999,1500,511
23.662504,1500,511
23.675003,1500,512
23.687503,1500,511
23.700000,1500,511
23.712499,1500,511
23.725000,1500,512
23.737499,1500,511
23.750003,1500,512
23.762504,1500,511
23.775003,1500,511
23.787504,1500,511
23.799999,1500,512
23.812500,1500,512
23.825000,1500,512
23.837499,1500,512
23.850004,1500,512
23.862503,1500,512
23.875003,1500,511
23.887504,1500,511
23.899999,1500,511
23.912500,1500,511
23.924999,1500,512
23.937500,1500,511
23.950000,1500,512
23.962503,1500,511
23.975004,1500,512
23.987503,1500,511
24.000003,1500,511
24.012500,1500,511
24.024999,1500,512
24.037500,1500,512
24.049999,1500,511
24.062503,1500,511
24.075004,1500,511
24.087503,1500,511
24.100000,1500,512
24.112499,1500,511
24.125000,1500,512
24.137500,1500,512
24.150003,1500,511
24.162504,1500,512
24.175003,1500,512
24.187503,1500,512
24.200000,1500,512
24.212499,1500,511
24.225000,1500,511
24.237499,1500,512
24.250003,1500,511
24.262500,1200,511
24.275003,1200,513
24.287504,1200,512
24.299999,1200,511
24.312500,1200,512
24.325000,1200,511
24.337499,1200,511
24.350000,1200,512
24.362503,1200,512
24.375003,1200,512
24.387504,1200,393
24.399999,1200,502
24.412500,1200,502
24.424999,1200,506
24.437500,1200,507
24.450000,1200,510
24.462503,1200,509
24.475011,1200,508
24.487503,1200,510
24.500000,1200,510
24.512504,1500,509
24.524999,1500,512
24.537500,1500,512
24.550003,1500,511
24.562503,1500,511
24.575004,1500,511
24.587503,1500,511
24.600000,1500,511
24.612499,1500,511
24.625000,1500,511
24.637500,1500,511
24.650003,1500,511
24.662504,1500,510
24.675003,1500,511
24.687503,1500,511
24.700000,1500,511
24.712499,1500,511
24.725000,1500,511
24.737499,1500,511
24.750000,1500,511
24.762500,1500,511
24.775003,1500,511
24.787504,1500,511
24.799999,1500,510
24.812500,1500,511
24.825000,1500,511
24.837507,1500,511
24.850004,1500,511
24.862503,1500,512
24.875003,1500,511
24.887504,1500,511
24.899999,1500,511
24.912500,1500,511
24.924999,1500,511
24.937500,1500,512
24.950004,1500,511
24.962503,1500,511
24.975004,1500,510
24.987503,1500,511
25.000000,1500,511
25.012504,1500,511
25.024999,1500,511
25.037500,1500,511
25.050003,1500,511
25.062503,1500,511
25.075004,1500,511
25.087503,1500,511
25.100000,1500,511
25.112499,1500,512
25.125000,1500,511
25.137500,1500,511
25.149999,1500,511
25.162504,1500,510
25.175003,1500,511
25.187503,1500,512
25.200000,1500,512
25.212499,1500,511
25.225000,1500,511
25.237499,1500,512
25.250003,1500,513
25.262504,1500,511
25.275003,1500,511
25.287504,1500,512
25.299999,1500,511
25.312500,1500,512
25.325000,1500,512
25.337499,1500,512
25.350004,1500,512
25.362503,1500,512
25.375003,1500,512
25.387504,1500,511
25.399999,1500,511
25.412500,1500,511
25.424999,1500,512
25.437500,1500,512
25.450004,1500,511
25.462503,1500,511
25.475004,1500,512
25.487503,1500,511
25.500000,1500,512
25.512500,1200,512
25.524999,1200,512
25.537500,1200,512
25.549999,1200,512
25.562503,1200,511
25.575004,1200,511
25.587503,1200,512
25.600000,1200,511
25.612499,1200,512
25.625000,1200,503
25.637504,1500,502
25.649999,1500,510
25.662504,1500,511
25.675003,1500,511
25.687503,1500,511
25.700000,1500,512
25.712499,1500,510
25.725000,1500,511
25.737499,1500,511
25.750003,1500,511
25.762504,1500,510
25.775003,1500,511
25.787504,1500,511
25.799999,1500,511
25.812500,1500,512
25.825000,1500,511
25.837499,1500,511
25.850004,1500,512
25.862503,1500,511
25.875003,1500,511
25.887504,1500,511
25.900007,1500,511
25.912500,1500,511
25.924999,1500,511
25.937500,1500,511
25.950000,1500,511
25.962503,1500,510
25.975004,1500,510
25.987503,1500,511
26.000003,1500,512
26.012500,1500,511
26.024999,1500,511
26.037500,1500,511
26.050003,1500,510
26.062503,1500,512
26.075004,1500,511
26.087503,1500,510
26.100004,1500,511
26.112499,1500,511
26.125000,1500,511
26.137500,1500,511
26.150003,1500,511
26.162504,1500,511
26.175003,1500,511
26.187503,1500,511
26.200000,1500,512
26.212499,1500,511
26.225000,1500,511
26.237499,1500,511
26.250003,1500,511
26.262504,1500,511
26.275003,1500,510
26.287504,1500,511
26.300003,1500,511
26.312500,1500,511
26.325000,1500,511
26.337499,1500,511
26.350000,1500,511
26.362503,1500,511
26.375003,1500,511
26.387504,1500,511
26.400003,1500,511
26.412500,1500,510
26.424999,1500,510
26.437500,1500,511
26.450000,1500,511
26.462503,1500,510
26.475004,1500,511
26.487503,1500,512
26.500003,1500,511
26.512500,1500,510
26.524999,1500,511
26.537500,1500,511
26.550003,1500,511
26.562503,1500,510
26.575004,1500,511
26.587503,1500,510
26.600004,1500,511
26.612499,1500,511
26.625000,1500,511
26.637504,1100,511
26.650003,1100,406
26.662504,1100,400
26.675003,1100,404
26.687503,1100,413
26.700000,1100,400
26.712503,1100,409
26.725000,1100,426
26.737499,1100,401
26.750000,1100,436
26.762504,1100,403
26.775003,1100,431
26.787504,1100,436
26.799999,1100,413
26.812500,1100,416
26.825000,1100,408
26.837499,1100,402
26.850000,1100,436
26.862503,1100,433
26.875003,1100,406
26.887504,1100,423
26.899999,1100,420
26.912500,1100,408
26.924999,1100,419
26.937500,1100,410
26.950000,1100,438
26.962503,1100,408
26.975004,1100,437
26.987503,1100,411
27.000000,1100,437
27.012504,1100,438
27.024999,1100,414
27.037500,1100,424
27.050003,1100,442
27.062503,1100,408
27.075004,1100,424
27.087503,1100,416
27.100000,1100,417
27.112499,1100,407
27.125000,1100,433
27.137500,1100,415
27.149999,1100,441
27.162504,1100,420
27.175003,1100,411
27.187503,1100,415
27.200000,1100,419
27.212499,1100,431
27.225000,1100,420
27.237499,1100,414
27.250003,1100,416
27.262504,1100,417
27.275003,1100,438
27.287504,1100,409
27.299999,1100,435
27.312500,1100,418
27.325000,1100,414
27.337499,1100,443
27.350000,1100,434
27.362503,1100,410
27.375003,1100,409
27.387504,1100,434
27.399999,1100,422
27.412500,1100,437
27.424999,1100,430
27.437500,1100,425
27.450000,1100,418
27.462503,1100,407
27.475004,1100,444
27.487503,1100,419
27.500000,1100,415
27.512504,1100,418
27.524999,1100,420
27.537500,1100,416
27.549999,1100,417
27.562503,1100,433
27.575004,1100,426
27.587503,1100,417
27.600000,1100,411
27.612499,1100,410
27.625000,1100,409
27.637500,1100,425
27.649999,1100,426
27.662504,1100,419
27.675012,1100,422
27.687503,1100,418
27.700000,1100,444
27.712499,1100,420
27.725000,1100,439
27.737499,1100,422
27.750000,1100,418
27.762500,1100,418
27.775003,1100,439
27.787504,1100,446
27.799999,1100,418
27.812500,1100,445
27.825000,1100,417
27.837499,1100,414
27.850000,1100,410
27.862503,1100,410
27.875003,1100,431
27.887504,1100,427
27.899999,1100,421
27.912500,1100,417
27.924999,1100,421
27.937500,1100,417
27.950000,1100,417
27.962503,1100,445
27.975004,1100,412
27.987503,1100,422
28.000000,1100,425
28.012504,1100,427
28.024999,1100,421
28.037508,1100,417
28.049999,1100,412
28.062503,1100,411
28.075004,1100,439
28.087503,1100,421
28.100015,1100,421
28.112499,1100,424
28.125000,1100,452
28.137500,1100,458
28.149999,1100,441
28.162504,1100,419
28.175003,1100,463
28.187503,1100,435
28.200000,1100,425
28.212499,1100,440
28.225000,1100,419
28.237499,1100,419
28.250000,1100,420
28.262504,1100,444
28.275003,1100,436
28.287504,1100,420
28.299999,1100,418
28.312500,1100,430
28.325000,1100,426
28.337499,1100,422
28.350000,1100,423
28.362503,1100,433
28.375003,1100,441
28.387504,1100,432
28.400003,1100,421
28.412500,1100,428
28.424999,1100,442
28.437500,1100,416
28.450000,1100,440
28.462503,1100,420
28.475004,1100,433
28.487503,1100,431
28.500003,1100,417
28.512500,1100,447
28.524999,1100,414
28.537500,1100,448
28.549999,1100,420
28.562503,1100,448
28.575004,1100,420
28.587503,1100,431
28.600004,1100,443
28.612499,1100,411
28.625000,1100,424
28.637504,1500,421
28.649999,1500,511
28.662504,1500,511
28.675003,1500,511
28.687503,1500,512
28.700000,1500,512
28.712499,1500,511
28.725000,1500,512
28.737499,1500,511
28.750000,1500,512
28.762500,1500,511
28.775003,1500,512
28.787504,1500,511
28.800003,1500,511
28.812500,1500,511
28.825000,1500,511
28.837499,1500,512
28.850000,1500,512
28.862503,1500,511
28.875003,1500,512
28.887504,1500,511
28.900003,1500,511
28.912500,1500,512
28.924999,1500,511
28.937500,1500,512
28.950000,1500,511
28.962503,1500,512
28.975004,1500,511
28.987503,1500,512
29.000003,1500,512
29.012500,1500,511
29.024999,1500,512
29.037500,1500,512
29.049999,1500,512
29.062503,1500,511
29.075004,1500,511
29.087503,1500,512
29.100000,1500,512
29.112499,1500,511
29.125000,1500,512
29.137500,1500,511
29.149999,1500,511
29.162504,1500,512
29.175003,1500,512
29.187503,1500,512
29.200000,1500,511
29.212499,1500,511
29.225000,1500,512
29.237499,1500,512
29.250000,1500,511
29.262500,1500,513
29.275003,1500,512
29.287504,1500,512
29.300003,1500,512
29.312500,1500,511
29.325000,1500,512
29.337499,1500,512
29.350000,1500,511
29.362503,1500,511
29.375003,1500,511
29.387504,1500,511
29.399999,1500,511
29.412500,1500,512
29.424999,1500,512
29.437500,1500,512
29.450000,1500,512
29.462503,1500,512
29.475004,1500,512
29.487503,1500,511
29.500003,1500,512
29.512500,1500,511
29.524999,1500,511
29.537500,1500,511
29.549999,1500,512
29.562503,1500,512
29.575004,1500,511
29.587503,1500,511
29.600000,1500,511
29.612499,1500,512
29.625000,1500,512
29.637504,1100,511
29.649999,1100,511
29.662504,1100,511
29.675003,1100,512
29.687503,1100,511
29.700004,1100,511
29.712499,1100,511
29.725000,1100,512
29.737499,1100,512
29.750000,1100,423
29.762500,1100,496
29.775003,1100,504
29.787504,1100,503
29.800003,1100,506
29.812500,1100,510
29.825000,1100,510
29.837499,1100,510
29.850000,1100,510
29.862503,1100,509
29.875003,1100,509
29.887504,1100,509
29.899999,1100,510
29.912500,1100,510
29.924999,1100,507
29.937500,1100,507
29.950000,1100,500
29.962503,1100,484
29.975004,1100,482
29.987503,1100,473
30.000000,1100,448
30.012500,1100,465
30.024999,1100,425
30.037500,1100,428
30.049999,1100,422
30.062503,1100,413
30.075004,1100,415
30.087503,1100,411
30.100004,1100,427
30.112499,1100,414
30.125000,1100,412
30.137504,1100,418
30.150003,1100,431
30.162504,1100,436
30.175003,1100,427
30.187503,1100,413
30.200000,1100,414
30.212499,1100,414
30.225000,1100,410
30.237499,1100,414
30.250000,1100,429
30.262504,1100,411
30.275003,1100,425
30.287504,1100,435
30.299999,1100,430
30.312500,1100,442
30.325000,1100,425
30.337499,1100,425
30.350000,1100,425
30.362503,1100,423
30.375003,1100,420
30.387504,1100,417
30.399999,1100,423
30.412500,1100,441
30.424999,1100,416
30.437500,1100,419
30.450000,1100,419
30.462503,1100,439
30.475004,1100,416
30.487503,1100,413
30.500003,1100,435
30.512500,1100,420
30.524999,1100,416
30.537500,1100,447
30.549999,1100,433
30.562503,1100,425
30.575004,1100,428
30.587503,1100,430
30.600004,1100,426
30.612499,1100,461
30.625000,1100,439
30.637504,1500,433
30.649999,1500,512
30.662504,1500,512
30.675003,1500,513
30.687503,1500,512
30.700004,1500,511
30.712499,1500,511
30.725000,1500,512
30.737499,1500,511
30.750000,1500,511
30.762504,1500,512
30.775003,1500,511
30.787504,1500,512
30.800003,1500,511
30.812500,1500,511
30.825000,1500,512
30.837499,1500,512
30.850000,1500,512
30.862503,1500,511
30.875000,1500,511
30.887504,1500,511
30.900003,1500,512
30.912500,1500,511
30.924999,1500,512
30.937500,1500,512
30.950000,1500,512
30.962503,1500,511
30.975004,1500,511
30.987503,1500,512
31.000003,1500,511
31.012500,1500,512
31.024999,1500,511
31.037500,1500,512
31.049999,1500,512
31.062503,1500,511
31.075004,1500,512
31.087503,1500,511
31.100000,1500,511
31.112499,1500,512
31.125000,1500,511
31.137500,1500,511
31.149999,1500,512
31.162504,1500,511
31.175003,1500,511
31.187503,1500,511
31.200000,1500,512
31.212499,1500,511
31.225000,1500,512
31.237508,1500,512
31.250000,1500,511
31.262500,1500,511
31.275003,1500,512
31.287504,1500,512
31.300003,1500,512
31.312500,1500,511
31.325000,1500,512
31.337499,1500,512
31.350000,1500,511
31.362503,1500,513
31.375003,1500,511
31.387504,1500,512
31.400003,1500,512
31.412500,1500,512
31.424999,1500,512
31.437500,1500,512
31.450000,1500,512
31.462503,1500,512
31.475004,1500,511
31.487503,1500,511
31.500000,1500,512
31.512504,1500,512
31.524999,1500,511
31.537500,1500,511
31.549999,1500,512
31.562503,1500,511
31.575004,1500,511
31.587503,1500,512
31.600004,1500,512
31.612499,1500,512
31.625000,1500,511
31.637504,1100,511
31.649999,1100,512
31.662504,1100,511
31.675003,1100,511
31.687503,1100,512
31.700004,1100,512
31.712499,1100,512
31.725000,1100,512
31.737499,1100,512
31.750000,1100,404
31.762500,1100,504
31.775003,1100,502
31.787504,1100,504
31.800003,1100,506
31.812500,1100,507
31.825000,1100,510
31.837499,1100,507
31.850000,1100,508
31.862503,1100,509
31.875003,1100,510
31.887504,1100,509
31.899999,1100,510
31.912500,1100,511
31.924999,1100,503
31.937500,1100,505
31.950000,1100,500
31.962503,1100,480
31.975004,1100,483
31.987503,1100,475
32.000003,1100,444
32.012500,1100,470
32.025001,1100,422
32.037498,1100,438
32.049999,1100,416
32.062503,1100,420
32.075004,1100,411
32.087505,1100,412
32.100002,1100,437
32.112499,1100,428
32.125000,1100,437
32.137504,1500,433
32.150001,1500,518
32.162502,1500,512
32.175003,1500,512
32.187503,1500,511
32.200004,1500,512
32.212501,1500,512
32.224998,1500,512
32.237499,1500,511
32.250000,1500,511
32.262504,1500,512
32.275005,1500,512
32.287502,1500,512
32.299999,1500,512
32.312500,1500,512
32.325000,1500,511
32.337501,1500,511
32.349998,1500,511
32.362503,1500,511
32.375003,1500,511
32.387504,1500,511
32.400005,1500,511
32.412498,1500,512
32.424999,1500,511
32.437500,1500,511
32.450000,1500,511
32.462505,1500,512
32.475002,1500,512
32.487503,1500,511
32.500003,1500,512
32.512500,1500,512
32.525001,1500,511
32.537498,1500,511
32.549999,1500,512
32.562503,1500,512
32.575004,1500,511
32.587505,1500,512
32.600002,1500,511
32.612499,1500,511
32.625000,1500,511
32.637500,1500,512
32.650001,1500,512
32.662502,1500,512
32.675003,1500,512
32.687503,1500,511
32.700004,1500,511
32.712505,1500,512
32.724998,1500,512
32.737499,1500,512
32.750000,1500,511
32.762500,1500,511
32.775005,1500,512
32.787502,1500,512
32.799999,1500,512
32.812503,1500,511
32.825000,1500,511
32.837501,1500,511
32.849998,1500,511
32.862503,1500,512
32.875003,1500,511
32.887504,1500,512
32.900005,1500,511
32.912498,1500,512
32.924999,1500,512
32.937500,1500,511
32.950000,1500,513
32.962505,1500,511
32.975002,1500,512
32.987503,1500,511
33.000003,1500,512
33.012500,1500,511
33.025001,1500,511
33.037498,1500,511
33.050003,1500,512
33.062503,1500,511
33.075004,1500,511
33.087505,1500,511
33.099998,1500,512
33.112503,1500,512
33.125000,1500,512
33.137504,1100,511
33.150001,1100,512
33.162502,1100,511
33.175003,1100,511
33.187503,1100,512
33.200000,1100,511
33.212501,1100,511
33.224998,1100,511
33.237499,1100,511
33.250000,1100,417
33.262500,1100,504
33.275005,1100,503
33.287502,1100,504
33.300003,1100,507
33.312500,1100,509
33.325000,1100,510
33.337501,1100,510
33.350002,1100,508
33.362503,1100,510
33.375003,1100,510
33.387504,1500,510
33.400005,1500,510
33.412498,1500,511
33.424999,1500,511
33.437500,1500,511
33.450000,1500,512
33.462505,1500,510
33.475002,1500,511
33.487503,1500,512
33.500000,1500,511
33.512504,1500,511
33.525001,1500,510
33.537498,1500,511
33.549999,1500,511
33.562503,1500,510
33.575004,1500,510
33.587505,1500,511
33.600002,1500,511
33.612503,1500,511
33.625000,1500,511
33.637500,1500,512
33.650001,1500,511
33.662502,1500,510
33.675003,1500,511
33.687503,1500,511
33.700004,1500,511
33.712501,1500,511
33.724998,1500,510
33.737499,1500,511
33.750000,1500,511
33.762500,1500,511
33.775005,1500,512
33.787502,1500,511
33.800003,1500,511
33.812500,1500,510
33.825000,1500,511
33.837501,1500,511
33.849998,1500,511
33.862503,1500,512
33.875003,1500,511
33.887504,1500,511
33.900005,1500,511
33.912502,1500,511
33.924999,1500,510
33.937500,1500,511
33.950000,1500,512
33.962505,1500,511
33.975002,1500,511
33.987503,1500,511
34.000011,1500,511
34.012504,1500,511
34.025001,1500,511
34.037498,1500,512
34.049999,1500,512
34.062503,1500,512
34.075012,1500,512
34.087505,1500,512
34.100002,1500,511
34.112499,1500,511
34.125000,1500,512
34.137500,1500,512
34.150001,1500,511
34.162502,1500,512
34.175003,1500,511
34.187503,1500,511
34.200004,1500,512
34.212505,1500,512
34.224998,1500,512
34.237499,1500,512
34.250000,1500,512
34.262504,1500,512
34.275005,1500,512
34.287502,1500,511
34.300003,1500,512
34.312503,1500,512
34.325000,1500,512
34.337501,1500,511
34.349998,1500,511
34.362503,1500,512
34.375003,1500,512
34.387500,1100,512
34.400005,1100,511
34.412498,1100,511
34.424999,1100,512
34.437507,1100,512
34.450000,1100,511
34.462505,1100,512
34.475002,1100,512
34.487503,1100,512
34.500003,1100,512
34.512500,1500,397
34.525001,1500,511
34.537498,1500,511
34.549999,1500,511
34.562503,1500,511
34.575004,1500,511
34.587505,1500,510
34.600002,1500,512
34.612499,1500,512
34.625000,1500,511
34.637500,1500,510
34.650001,1500,511
34.662502,1500,511
34.675003,1500,511
34.687503,1500,511
34.700004,1500,511
34.712505,1500,511
34.724998,1500,511
34.737499,1500,511
34.750000,1500,510
34.762500,1500,512
34.775005,1500,511
34.787502,1500,511
34.800003,1500,511
34.812500,1500,511
34.825000,1500,511
34.837501,1500,511
34.849998,1500,511
34.862503,1500,510
34.875003,1500,511
34.887504,1500,511
34.900005,1500,511
34.912498,1500,510
34.924999,1500,511
34.937500,1500,510
34.950000,1500,512
34.962505,1500,511
34.975002,1500,511
34.987503,1500,512
35.000003,1500,511
35.012500,1500,511
35.025001,1500,511
35.037498,1500,511
35.049999,1500,511
35.062503,1500,510
35.075004,1500,510
35.087505,1500,511
35.100002,1500,511
35.112503,1500,511
35.125000,1500,512
35.137500,1500,511
35.150001,1500,511
35.162502,1500,511
35.175003,1500,511
35.187503,1500,511
35.200004,1500,512
35.212501,1500,511
35.224998,1500,512
35.237499,1500,511
35.250000,1500,510
35.262500,1500,511
35.275005,1500,511
35.287502,1500,511
35.300003,1500,511
35.312500,1500,511
35.325000,1500,512
35.337501,1500,511
35.349998,1500,511
35.362503,1500,511
35.375003,1500,511
35.387504,1500,511
35.400005,1500,510
35.412498,1500,511
35.424999,1500,511
35.437500,1500,511
35.450000,1500,511
35.462505,1500,510
35.475002,1500,510
35.487503,1500,511
35.500003,1500,511
35.512504,1500,511
35.525001,1500,511
35.537498,1500,511
35.549999,1500,511
35.562503,1500,511
35.575004,1500,512
35.587505,1500,511
35.600002,1500,512
35.612499,1500,511
35.625000,1500,512
35.637500,1500,511
35.650001,1500,512
35.662502,1500,512
35.675003,1500,512
35.687503,1500,512
35.700004,1500,511
35.712501,1500,511
35.724998,1500,511
35.737499,1500,511
35.750000,1500,511
35.762504,1500,512
35.775005,1500,512
35.787502,1500,511
35.800003,1500,511
35.812500,1500,511
35.825000,1500,511
35.837501,1500,511
35.849998,1500,512
35.862503,1500,513
35.875003,1500,512
35.887504,1500,511
35.900005,1500,511
35.912502,1500,511
35.924999,1500,511
35.937500,1500,512
35.950000,1500,511
35.962505,1500,512
35.975002,1500,511
35.987503,1500,512
36.000003,1500,511
36.012504,1500,512
36.025001,1500,512
36.037498,1500,512
36.049999,1500,512
36.062503,1500,511
36.075004,1500,512
36.087505,1500,512
36.100002,1500,511
36.112499,1500,511
36.125000,1500,511
36.137500,1500,512
36.150001,1500,512
36.162502,1500,512
36.175003,1500,512
36.187500,1500,512
36.200004,1500,511
36.212501,1500,512
36.224998,1500,512
36.237499,1500,511
36.250000,1500,511
36.262500,1500,511
36.275005,1500,511
36.287502,1500,512
36.300003,1500,512
36.312503,1500,511
36.325000,1500,512
36.337501,1500,511
36.349998,1500,511
36.362503,1500,512
36.375003,1500,512
36.387504,1500,512
36.400005,1500,512
36.412498,1500,511
36.424999,1500,512
36.437500,1500,511
36.450000,1500,512
36.462505,1500,512
36.475002,1500,511
36.487503,1500,511
36.500003,1500,512
36.512500,1500,511
36.525001,1500,512
36.537498,1500,511
36.550003,1500,512
36.562503,1500,512
36.575004,1500,512
36.587505,1500,511
36.600002,1500,512
36.612499,1500,512
36.625000,1500,511
36.637500,1500,511
36.650001,1500,512
36.662502,1500,512
36.675003,1500,512
36.687503,1500,512
36.700004,1500,511
36.712505,1500,512
36.724998,1500,512
36.737499,1500,512
36.750000,1500,511
36.762500,1500,512
36.775005,1500,512
36.787502,1500,511
36.800003,1500,511
36.812503,1500,512
36.825000,1500,512
36.837501,1500,512
36.849998,1500,511
36.862503,1500,512
36.875003,1500,511
36.887504,1500,512
36.900005,1500,512
36.912498,1500,512
36.924999,1500,511
36.937500,1500,511
36.950000,1500,512
36.962505,1500,511
36.975002,1500,511
36.987503,1500,512
37.000003,1500,511
37.012500,1500,512
37.025001,1500,512
37.037498,1500,511
37.049999,1500,512
37.062503,1500,512
37.075004,1500,512
37.087505,1500,511
37.100002,1500,512
37.112503,1500,511
37.125000,1500,511
37.137500,1500,511
37.150001,1500,511
37.162502,1500,512
37.175003,1500,511
37.187503,1500,512
37.200004,1500,511
37.212505,1500,511
37.224998,1500,511
37.237499,1500,511
37.250000,1500,512
37.262500,1500,512
37.275012,1500,511
37.287502,1500,511
37.300003,1500,511
37.312500,1500,511
37.325000,1500,511
37.337501,1500,512
37.349998,1500,511
37.362503,1500,512
37.375003,1500,511
37.387504,1500,512
37.400005,1500,512
37.412498,1500,512
37.424999,1500,511
37.437500,1500,512
37.450000,1500,512
37.462505,1500,511
37.475002,1500,512
37.487503,1500,512
37.500003,1500,512
