0.012504,1600,-0.037146
0.025000,1600,0.011730
0.037500,1600,-0.037146
0.050008,1600,0.011730
0.062500,1600,0.011730
0.075000,1600,0.011730
0.087500,1600,0.011730
0.100004,1600,0.011730
0.112500,1600,0.011730
0.125004,1600,-0.037146
0.137504,1600,0.011730
0.150004,1600,-0.281525
0.162500,1600,-0.379276
0.175000,1600,-0.330400
0.187508,1600,-0.183773
0.200004,1600,-0.134897
0.212504,1600,-0.134897
0.225000,1600,-0.086021
0.237500,1600,-0.134897
0.250000,1600,-0.037146
0.262504,1600,-0.086021
0.275004,1600,-0.134897
0.287504,1600,-0.281525
0.300004,1600,-0.330400
0.312504,1600,-0.525904
0.325004,1600,-0.574779
0.337500,1600,-0.525904
0.350004,1600,-0.428152
0.362500,1600,-0.525904
0.375004,1600,-0.330400
0.387504,1600,-0.379276
0.400000,1600,-0.477028
0.412500,1600,-0.281525
0.425000,1600,-0.379276
0.437504,1600,-0.379276
0.450004,1600,-0.379276
0.462508,1600,-0.428152
0.475000,1600,-0.525904
0.487504,1600,-0.428152
0.500004,1600,-0.428152
0.512504,1600,-0.379276
0.525000,1600,-0.379276
0.537504,1600,-0.330400
0.550008,1600,-0.330400
0.562508,1600,-0.428152
0.575004,1600,-0.428152
0.587500,1600,-0.428152
0.600000,1600,-0.525904
0.612500,1600,-0.428152
0.625000,1600,-0.330400
0.637500,1600,-0.428152
0.650004,1600,-0.330400
0.662500,1600,-0.477028
0.675004,1600,-0.428152
0.687500,1600,-0.428152
0.700004,1600,-0.574779
0.712504,1600,-0.525904
0.725000,1600,-0.574779
0.737504,1600,-0.379276
0.750004,1600,-0.379276
0.762504,1600,-0.428152
0.775000,1600,-0.379276
0.787500,1600,-0.428152
0.800000,1600,-0.525904
0.812500,1600,-0.477028
0.825004,1600,-0.477028
0.837504,1600,-0.477028
0.850000,1600,-0.477028
0.862504,1600,-0.330400
0.875000,1600,-0.428152
0.887500,1600,-0.428152
0.900004,1600,-0.477028
0.912504,1600,-0.379276
0.925000,1600,-0.379276
0.937500,1600,-0.525904
0.950000,1600,-0.525904
0.962504,1600,-0.525904
0.975000,1600,-0.574779
0.987500,1600,-0.574779
1.000004,1600,-0.574779
1.012504,1600,-0.477028
1.025000,1600,-0.379276
1.037504,1600,-0.477028
1.050004,1600,-0.428152
1.062500,1600,-0.428152
1.075004,1600,-0.574779
1.087504,1600,-0.428152
1.100004,1600,-0.477028
1.112500,1600,-0.525904
1.125000,1600,-0.525904
1.137504,1600,-0.525904
1.150000,1600,-0.525904
1.162504,1600,-0.379276
1.175004,1600,-0.525904
1.187500,1600,-0.428152
1.200004,1600,-0.379276
1.212500,1600,-0.428152
1.225000,1600,-0.379276
1.237500,1600,-0.428152
1.250000,1600,-0.525904
1.262500,1600,-0.428152
1.275000,1600,-0.477028
1.287504,1600,-0.574779
1.300000,1600,-0.525904
1.312500,1600,-0.525904
1.325004,1600,-0.477028
1.337504,1600,-0.379276
1.350004,1600,-0.428152
1.362504,1600,-0.379276
1.375004,1600,-0.379276
1.387504,1600,-0.428152
1.400000,1600,-0.428152
1.412500,1600,-0.379276
1.425004,1600,-0.525904
1.437500,1600,-0.428152
1.450000,1600,-0.477028
1.462500,1600,-0.379276
1.475000,1600,-0.281525
1.487500,1600,-0.232649
1.500004,1600,-0.330400
1.512500,1600,-0.330400
1.525004,1600,-0.428152
1.537500,1600,-0.281525
1.550004,1600,-0.379276
1.562504,1600,-0.525904
1.575000,1600,-0.379276
1.587500,1600,-0.428152
1.600000,1600,-0.477028
1.612500,1600,-0.428152
1.625000,1600,-0.428152
1.637504,1600,-0.525904
1.650000,1600,-0.477028
1.662504,1600,-0.428152
1.675004,1600,-0.232649
1.687504,1600,-0.330400
1.700000,1600,-0.379276
1.712504,1600,-0.330400
1.725004,1600,-0.330400
1.737500,1600,-0.379276
1.750000,1600,-0.330400
1.762504,1600,-0.330400
1.775004,1600,-0.428152
1.787508,1600,-0.379276
1.800000,1600,-0.379276
1.812504,1600,-0.281525
1.825004,1600,-0.379276
1.837504,1600,-0.428152
1.850004,1600,-0.330400
1.862504,1600,-0.330400
1.875000,1600,-0.379276
1.887504,1600,-0.330400
1.900000,1600,-0.428152
1.912500,1600,-0.525904
1.925008,1600,-0.477028
1.937504,1600,-0.428152
1.950004,1600,-0.525904
1.962500,1600,-0.574779
1.975000,1600,-0.574779
1.987504,1600,-0.428152
2.000000,1600,-0.330400
2.012504,1500,-0.477028
2.025000,1500,-0.379276
2.037500,1500,0.060606
2.050000,1500,0.011730
2.062504,1500,0.011730
2.075000,1500,0.011730
2.087504,1500,-0.037146
2.100004,1500,0.011730
2.112504,1500,0.011730
2.125000,1500,0.011730
2.137504,1500,0.011730
2.150004,1500,0.011730
2.162504,1500,0.011730
2.175000,1500,-0.037146
2.187500,1500,-0.037146
2.200000,1500,-0.037146
2.212500,1500,0.011730
2.225004,1500,0.011730
2.237504,1500,-0.037146
2.250000,1500,0.011730
2.262504,1500,-0.037146
2.275004,1500,0.011730
2.287504,1500,0.011730
2.300000,1500,-0.037146
2.312500,1500,0.011730
2.325000,1500,0.011730
2.337504,1500,0.011730
2.350000,1500,0.011730
2.362504,1500,-0.037146
2.375000,1500,0.011730
2.387504,1500,0.011730
2.400000,1500,0.011730
2.412504,1500,0.011730
2.425000,1500,0.011730
2.437500,1500,0.011730
2.450000,1500,0.011730
2.462504,1500,0.011730
2.475000,1500,-0.037146
2.487500,1500,0.011730
2.500000,1500,0.011730
2.512504,1500,0.011730
2.525000,1500,0.011730
2.537504,1500,0.011730
2.550000,1500,-0.037146
2.562504,1500,0.011730
2.575004,1500,-0.037146
2.587504,1500,0.011730
2.600000,1500,-0.037146
2.612500,1500,0.011730
2.625004,1500,0.011730
2.637500,1500,0.011730
2.650000,1500,0.011730
2.662504,1500,-0.037146
2.675004,1500,0.011730
2.687504,1500,0.011730
2.700004,1500,0.011730
2.712504,1500,-0.037146
2.725000,1500,0.011730
2.737500,1500,-0.037146
2.750000,1500,0.011730
2.762504,1500,0.011730
2.775000,1500,-0.037146
2.787500,1500,0.011730
2.800000,1500,0.011730
2.812504,1500,0.011730
2.825000,1500,0.011730
2.837504,1500,0.011730
2.850000,1500,0.011730
2.862504,1500,0.011730
2.875004,1500,0.060606
2.887504,1500,0.060606
2.900000,1500,0.011730
2.912504,1500,0.011730
2.925000,1500,0.011730
2.937504,1500,-0.037146
2.950004,1500,0.011730
2.962500,1500,0.011730
2.975000,1500,0.011730
2.987504,1500,0.011730
3.000004,1500,0.011730
3.012504,1600,-0.037146
3.025000,1600,0.011730
3.037500,1600,0.011730
3.050000,1600,0.011730
3.062500,1600,0.011730
3.075000,1600,0.011730
3.087504,1600,0.011730
3.100000,1600,0.011730
3.112504,1600,0.011730
3.125000,1600,0.011730
3.137504,1600,-1.894429
3.150000,1600,-0.330400
3.162500,1600,-0.428152
3.175004,1600,-0.330400
3.187500,1600,-0.086021
3.200000,1600,-0.183773
3.212500,1600,-0.134897
3.225004,1600,-0.086021
3.237504,1600,-0.134897
3.250004,1600,-0.232649
3.262504,1600,-0.086021
3.275004,1600,-0.086021
3.287504,1600,-0.428152
3.300000,1600,-0.281525
3.312500,1600,-0.721407
3.325000,1600,-0.574779
3.337500,1600,-0.672531
3.350000,1600,-0.477028
3.362504,1600,-0.574779
3.375004,1600,-0.428152
3.387512,1600,-0.525904
3.400000,1600,-0.525904
3.412500,1600,-0.525904
3.425000,1600,-0.330400
3.437504,1600,-0.379276
3.450004,1600,-0.477028
3.462500,1600,-0.428152
3.475000,1600,-0.477028
3.487500,1600,-0.477028
3.500000,1600,-0.379276
3.512500,1600,-0.477028
3.525000,1600,-0.281525
3.537504,1600,-0.281525
3.550000,1600,-0.428152
3.562500,1600,-0.330400
3.575000,1600,-0.379276
3.587504,1600,-0.525904
3.600004,1600,-0.477028
3.612504,1600,-0.477028
3.625004,1600,-0.525904
3.637500,1600,-0.428152
3.650000,1600,-0.477028
3.662504,1600,-0.330400
3.675000,1600,-0.281525
3.687504,1600,-0.379276
3.700000,1600,-0.330400
3.712500,1600,-0.330400
3.725004,1600,-0.428152
3.737500,1600,-0.330400
3.750008,1600,-0.379276
3.762500,1600,-0.477028
3.775004,1600,-0.428152
3.787504,1600,-0.477028
3.800004,1600,-0.428152
3.812504,1600,-0.428152
3.825000,1600,-0.379276
3.837504,1600,-0.574779
3.850000,1600,-0.428152
3.862500,1600,-0.428152
3.875000,1600,-0.428152
3.887500,1600,-0.379276
3.900004,1600,-0.428152
3.912504,1600,-0.477028
3.925004,1600,-0.428152
3.937500,1600,-0.330400
3.950000,1600,-0.330400
3.962500,1600,-0.281525
3.975004,1600,-0.379276
3.987504,1600,-0.281525
4.000004,1600,-0.281525
4.012504,1500,-0.330400
4.025000,1500,-0.330400
4.037500,1500,0.011730
4.050004,1500,0.011730
4.062500,1500,0.011730
4.075000,1500,0.011730
4.087504,1500,0.011730
4.100004,1500,0.011730
4.112504,1500,-0.037146
4.125004,1500,-0.037146
4.137504,1500,0.011730
4.150000,1500,0.011730
4.162500,1500,-0.037146
4.175000,1500,-0.037146
4.187500,1500,0.011730
4.200000,1500,-0.037146
4.212504,1500,0.011730
4.225000,1500,0.011730
4.237500,1500,0.011730
4.250000,1500,0.011730
4.262504,1500,0.060606
4.275000,1500,-0.037146
4.287500,1500,-0.037146
4.300004,1500,0.011730
4.312504,1500,0.011730
4.325000,1500,0.011730
4.337500,1500,0.011730
4.350000,1500,0.011730
4.362500,1500,0.011730
4.375000,1500,0.011730
4.387504,1500,0.011730
4.400000,1500,-0.037146
4.412504,1500,0.011730
4.425000,1500,-0.037146
4.437500,1500,-0.037146
4.450000,1500,0.011730
4.462504,1500,0.060606
4.475000,1500,0.011730
4.487500,1500,0.011730
4.500000,1500,0.011730
4.512500,1500,-0.037146
4.525004,1500,0.011730
4.537504,1500,-0.037146
4.550004,1500,0.011730
4.562504,1500,0.011730
4.575004,1500,0.011730
4.587504,1500,-0.037146
4.600000,1500,0.011730
4.612504,1500,0.011730
4.625000,1500,0.011730
4.637504,1500,0.011730
4.650000,1500,-0.037146
4.662504,1500,-0.037146
4.675004,1500,0.011730
4.687504,1500,-0.037146
4.700000,1500,-0.037146
4.712504,1500,-0.037146
4.725000,1500,0.011730
4.737500,1500,-0.037146
4.750000,1500,-0.037146
4.762504,1500,0.011730
4.775000,1500,-0.037146
4.787500,1500,0.011730
4.800000,1500,-0.037146
4.812500,1500,0.011730
4.825000,1500,0.011730
4.837500,1500,-0.037146
4.850000,1500,-0.037146
4.862504,1500,0.011730
4.875004,1500,-0.037146
4.887504,1500,0.011730
4.900004,1500,0.011730
4.912500,1500,0.011730
4.925000,1500,0.011730
4.937500,1500,0.011730
4.950000,1500,-0.037146
4.962504,1500,0.011730
4.975004,1500,0.011730
4.987504,1500,-0.037146
5.000000,1500,0.011730
5.012504,1600,0.011730
5.025000,1600,0.011730
5.037504,1600,0.011730
5.050000,1600,0.011730
5.062500,1600,0.011730
5.075000,1600,0.011730
5.087500,1600,-0.037146
5.100004,1600,-0.037146
5.112500,1600,0.011730
5.125000,1600,0.011730
5.137504,1600,-1.552298
5.150000,1600,-0.379276
5.162500,1600,-0.183773
5.175004,1600,-0.183773
5.187500,1600,-0.183773
5.200004,1600,-0.134897
5.212504,1600,-0.086021
5.225000,1600,-0.086021
5.237500,1600,-0.086021
5.250000,1600,-0.086021
5.262504,1600,-0.086021
5.275004,1600,-0.134897
5.287504,1600,-0.428152
5.300004,1600,-0.281525
5.312504,1600,-0.672531
5.325004,1600,-0.574779
5.337504,1600,-0.574779
5.350004,1600,-0.428152
5.362504,1600,-0.574779
5.375000,1600,-0.232649
5.387500,1600,-0.428152
5.400004,1600,-0.477028
5.412504,1600,-0.477028
5.425004,1600,-0.477028
5.437500,1600,-0.330400
5.450000,1600,-0.428152
5.462500,1600,-0.379276
5.475000,1600,-0.330400
5.487500,1600,-0.428152
5.500004,1600,-0.477028
5.512500,1500,-0.428152
5.525000,1500,-0.477028
5.537504,1500,0.060606
5.550000,1500,0.011730
5.562504,1500,-0.037146
5.575004,1500,0.011730
5.587504,1500,0.011730
5.600000,1500,-0.037146
5.612504,1500,-0.037146
5.625000,1500,-0.037146
5.637500,1500,-0.037146
5.650000,1500,0.011730
5.662504,1500,0.011730
5.675000,1500,0.011730
5.687504,1500,0.011730
5.700004,1500,0.011730
5.712504,1500,0.011730
5.725000,1500,0.011730
5.737500,1500,-0.037146
5.750004,1500,-0.037146
5.762500,1500,0.011730
5.775000,1500,0.011730
5.787500,1500,-0.037146
5.800004,1500,0.060606
5.812504,1500,0.011730
5.825004,1500,-0.037146
5.837504,1500,-0.037146
5.850000,1500,0.011730
5.862504,1500,0.011730
5.875004,1500,-0.037146
5.887500,1500,0.011730
5.900000,1500,0.011730
5.912504,1500,0.011730
5.925000,1500,0.011730
5.937500,1500,-0.037146
5.950000,1500,0.060606
5.962504,1500,0.011730
5.975004,1500,-0.037146
5.987504,1500,0.060606
6.000000,1500,0.011730
6.012500,1500,0.011730
6.025000,1500,0.011730
6.037504,1500,-0.037146
6.050004,1500,0.011730
6.062504,1500,-0.037146
6.075000,1500,-0.037146
6.087504,1500,-0.037146
6.100004,1500,0.011730
6.112504,1500,-0.037146
6.125004,1500,0.060606
6.137500,1500,0.011730
6.150000,1500,0.011730
6.162504,1500,0.060606
6.175000,1500,0.011730
6.187500,1500,0.011730
6.200000,1500,-0.037146
6.212500,1500,0.011730
6.225008,1500,0.011730
6.237500,1500,-0.037146
6.250000,1500,0.011730
6.262504,1500,0.011730
6.275000,1500,-0.037146
6.287500,1500,0.011730
6.300000,1500,-0.037146
6.312500,1500,-0.037146
6.325004,1500,0.011730
6.337500,1500,0.011730
6.350000,1500,-0.037146
6.362500,1500,0.011730
6.375000,1500,0.011730
6.387500,1500,0.011730
6.400004,1500,0.011730
6.412500,1500,0.011730
6.425004,1500,0.011730
6.437500,1500,0.011730
6.450000,1500,0.011730
6.462504,1500,0.011730
6.475000,1500,0.011730
6.487500,1500,0.011730
6.500000,1500,0.011730
6.512504,1600,-0.037146
6.525000,1600,0.011730
6.537500,1600,0.011730
6.550004,1600,0.011730
6.562500,1600,0.011730
6.575004,1600,0.011730
6.587508,1600,0.011730
6.600004,1600,0.011730
6.612500,1600,0.011730
6.625000,1600,-0.037146
6.637500,1600,-1.747801
6.650000,1600,-0.330400
6.662500,1600,-0.232649
6.675000,1600,-0.183773
6.687500,1600,-0.086021
6.700000,1600,-0.183773
6.712504,1600,-0.134897
6.725000,1600,-0.086021
6.737500,1600,-0.183773
6.750004,1600,-0.037146
6.762504,1500,-0.086021
6.775000,1500,0.011730
6.787504,1500,0.011730
6.800000,1500,0.011730
6.812504,1500,-0.037146
6.825000,1500,-0.037146
6.837504,1500,-0.037146
6.850004,1500,0.011730
6.862500,1500,-0.037146
6.875000,1500,-0.037146
6.887500,1500,-0.037146
6.900004,1500,0.011730
6.912504,1500,-0.037146
6.925000,1500,0.011730
6.937500,1500,0.011730
6.950004,1500,-0.037146
6.962504,1500,-0.037146
6.975004,1500,0.011730
6.987504,1500,-0.037146
7.000000,1500,-0.037146
7.012504,1500,-0.037146
7.025004,1500,-0.037146
7.037504,1500,-0.037146
7.050000,1500,-0.037146
7.062500,1500,-0.037146
7.075000,1500,0.011730
7.087504,1500,-0.037146
7.100004,1500,-0.037146
7.112504,1500,0.011730
7.125000,1500,-0.037146
7.137500,1500,0.011730
7.150000,1500,-0.037146
7.162500,1500,0.011730
7.175000,1500,-0.037146
7.187504,1500,0.011730
7.200000,1500,0.011730
7.212504,1500,-0.037146
7.225004,1500,0.011730
7.237500,1500,0.011730
7.250000,1500,-0.037146
7.262504,1500,0.011730
7.275004,1500,-0.037146
7.287504,1500,0.011730
7.300000,1500,-0.086021
7.312504,1500,-0.037146
7.325000,1500,-0.037146
7.337500,1500,-0.037146
7.350000,1500,0.011730
7.362504,1500,0.011730
7.375000,1500,-0.037146
7.387500,1500,0.011730
7.400000,1500,0.011730
7.412504,1500,0.011730
7.425004,1500,-0.037146
7.437504,1500,0.011730
7.450004,1500,-0.037146
7.462504,1500,0.011730
7.475000,1500,0.011730
7.487500,1500,-0.037146
7.500004,1500,0.011730
7.512500,1500,-0.037146
7.525004,1500,0.011730
7.537500,1500,0.011730
7.550000,1500,0.011730
7.562504,1500,0.011730
7.575004,1500,-0.037146
7.587504,1500,0.011730
7.600000,1500,0.011730
7.612504,1500,0.011730
7.625000,1500,-0.037146
7.637500,1500,0.011730
7.650000,1500,0.011730
7.662504,1500,0.011730
7.675004,1500,0.011730
7.687504,1500,0.011730
7.700004,1500,0.011730
7.712500,1500,0.011730
7.725004,1500,0.011730
7.737504,1500,0.011730
7.750004,1500,0.011730
7.762500,1600,-0.037146
7.775004,1600,0.011730
7.787504,1600,0.011730
7.800004,1600,0.011730
7.812500,1600,0.011730
7.825000,1600,0.011730
7.837500,1600,0.011730
7.850004,1600,0.011730
7.862500,1600,-0.037146
7.875004,1600,-1.845553
7.887504,1500,-0.330400
7.900004,1500,-0.428152
7.912500,1500,-0.086021
7.925004,1500,-0.037146
7.937504,1500,-0.037146
7.950004,1500,-0.037146
7.962504,1500,0.011730
7.975000,1500,-0.086021
7.987500,1500,0.011730
8.000000,1500,-0.037146
8.012504,1500,0.011730
8.025000,1500,-0.037146
8.037501,1500,-0.037146
8.050001,1500,-0.037146
8.062504,1500,0.011730
8.075004,1500,-0.037146
8.087505,1500,-0.037146
8.100001,1500,-0.037146
8.112504,1500,0.011730
8.125000,1500,-0.037146
8.137504,1500,-0.037146
8.150005,1500,-0.037146
8.162501,1500,-0.037146
8.175004,1500,-0.037146
8.187504,1500,0.011730
8.200004,1500,-0.037146
8.212500,1500,0.011730
8.225001,1500,-0.037146
8.237504,1500,-0.037146
8.250004,1500,-0.037146
8.262500,1500,-0.037146
8.275005,1500,-0.037146
8.287505,1500,0.011730
8.300004,1500,-0.037146
8.312500,1500,0.011730
8.325000,1500,-0.037146
8.337500,1500,-0.037146
8.350001,1500,-0.037146
8.362504,1500,-0.037146
8.375004,1500,0.011730
8.387500,1500,-0.037146
8.400000,1500,0.011730
8.412501,1500,-0.037146
8.425001,1500,-0.037146
8.437504,1500,0.011730
8.450000,1500,-0.037146
8.462500,1500,-0.037146
8.475005,1500,0.011730
8.487501,1500,0.011730
8.500004,1500,0.011730
8.512504,1500,0.011730
8.525005,1500,0.011730
8.537501,1500,-0.037146
8.550004,1500,-0.037146
8.562500,1500,-0.086021
8.575004,1500,0.011730
8.587500,1500,-0.037146
8.600005,1500,-0.037146
8.612501,1500,-0.037146
8.625000,1500,-0.037146
8.637504,1500,-0.037146
8.650005,1500,-0.037146
8.662501,1500,-0.037146
8.675004,1500,-0.037146
8.687500,1500,0.011730
8.700004,1500,0.011730
8.712500,1500,-0.086021
8.725001,1500,0.011730
8.737504,1500,-0.037146
8.750004,1500,-0.037146
8.762504,1500,-0.037146
8.775005,1500,-0.037146
8.787501,1500,-0.037146
8.800004,1500,-0.037146
8.812500,1500,0.011730
8.825004,1500,-0.037146
8.837505,1500,0.011730
8.850001,1500,-0.037146
8.862501,1500,0.011730
8.875004,1500,-0.037146
8.887504,1700,0.011730
8.900005,1700,0.011730
8.912505,1700,-0.037146
8.925004,1700,0.011730
8.937500,1700,0.011730
8.950000,1700,0.011730
8.962500,1700,0.011730
8.975001,1700,-0.037146
8.987501,1700,-0.037146
9.000004,1700,0.011730
9.012504,1700,0.011730
9.025000,1700,0.011730
9.037501,1700,0.011730
9.050004,1700,0.011730
9.062500,1700,0.011730
9.075004,1700,0.011730
9.087505,1700,0.011730
9.100001,1700,0.011730
9.112501,1700,0.011730
9.125008,1700,-4.973607
9.137504,1700,-0.330400
9.150005,1700,-0.379276
9.162505,1700,-0.232649
9.175001,1700,-0.183773
9.187504,1700,-0.183773
9.200004,1700,-0.134897
9.212500,1700,-0.134897
9.225005,1700,-0.086021
9.237501,1700,-0.086021
9.250004,1700,-0.134897
9.262500,1700,-0.037146
9.275005,1700,-0.330400
9.287505,1700,-0.819161
9.300004,1700,-0.721407
9.312504,1700,-1.747801
9.325000,1700,-1.650050
9.337505,1700,-1.992180
9.350005,1700,-2.529814
9.362501,1700,-2.627566
9.375000,1700,-2.432063
9.387500,1700,-2.187684
9.400000,1700,-2.089932
9.412501,1700,-2.334311
9.425012,1700,-2.285435
9.437504,1700,-2.285435
9.450004,1700,-2.236559
9.462505,1700,-2.383187
9.475005,1700,-2.334311
9.487504,1700,-2.236559
9.500004,1700,-2.236559
9.512504,1700,-2.334311
9.525005,1700,-2.334311
9.537505,1700,-2.383187
9.550001,1700,-2.041056
9.562500,1700,-2.334311
9.575000,1700,-2.138808
9.587505,1700,-2.334311
9.600001,1700,-1.845553
9.612501,1700,-2.285435
9.625000,1700,-1.992180
9.637504,1700,-2.334311
9.650005,1700,-2.236559
9.662501,1700,-1.845553
9.675004,1700,-2.187684
9.687500,1700,-2.089932
9.700004,1700,-2.432063
9.712505,1700,-2.285435
9.725005,1700,-2.187684
9.737501,1700,-2.187684
9.750000,1700,-2.334311
9.762504,1700,-2.138808
9.775000,1700,-2.187684
9.787508,1700,-2.432063
9.800001,1700,-2.236559
9.812500,1700,-1.894429
9.825004,1700,-2.138808
9.837505,1700,-2.187684
9.850001,1700,-1.943305
9.862501,1700,-2.138808
9.875004,1700,-2.285435
9.887500,1700,-1.698925
9.900005,1700,-1.747801
9.912501,1700,-1.894429
9.925004,1700,-2.285435
9.937500,1700,-2.089932
9.950004,1700,-2.236559
9.962505,1700,-2.383187
9.975001,1700,-1.747801
9.987504,1700,-1.454546
10.000000,1700,-2.041056
10.012500,1700,-2.138808
10.025005,1700,-2.089932
10.037501,1700,-2.089932
10.050004,1700,-2.285435
10.062504,1700,-1.796677
10.075004,1700,-1.796677
10.087505,1700,-2.138808
10.100005,1700,-2.187684
10.112504,1700,-1.943305
10.125004,1700,-2.089932
10.137504,1700,-2.432063
10.150009,1700,-2.285435
10.162501,1700,-2.089932
10.175001,1700,-1.356795
10.187504,1700,-1.650050
10.200000,1700,-1.845553
10.212500,1700,-1.894429
10.225005,1700,-2.187684
10.237504,1700,-2.138808
10.250004,1700,-2.089932
10.262500,1700,-2.041056
10.275005,1700,-2.041056
10.287501,1700,-1.650050
10.300004,1700,-1.552298
10.312500,1700,-2.041056
10.325000,1700,-1.894429
10.337505,1700,-2.041056
10.350005,1700,-2.089932
10.362504,1700,-2.041056
10.375004,1700,-1.943305
10.387500,1700,-2.089932
10.400005,1700,-1.992180
10.412505,1700,-1.992180
10.425008,1700,-1.845553
10.437500,1700,-1.747801
10.450000,1700,-1.112416
10.462500,1700,-1.845553
10.475001,1700,-2.089932
10.487501,1700,-1.894429
10.500000,1700,-1.943305
10.512504,1700,-2.089932
10.525005,1700,-1.943305
10.537505,1700,-2.089932
10.550004,1700,-2.138808
10.562504,1700,-2.089932
10.575004,1700,-2.041056
10.587500,1700,-2.138808
10.600005,1700,-2.041056
10.612504,1700,-2.041056
10.625000,1700,-1.992180
10.637504,1700,-1.845553
10.650005,1700,-1.992180
10.662501,1700,-1.356795
10.675004,1700,-1.405671
10.687504,1700,-1.112416
10.700000,1700,-2.041056
10.712500,1700,-2.285435
10.725005,1700,-1.992180
10.737501,1700,-2.138808
10.750000,1700,-2.236559
10.762504,1700,-2.089932
10.775005,1700,-2.089932
10.787505,1700,-2.187684
10.800001,1700,-2.089932
10.812500,1700,-2.138808
10.825004,1700,-2.334311
10.837500,1700,-2.187684
10.850008,1700,-2.187684
10.862501,1700,-2.432063
10.875000,1700,-2.236559
10.887504,1500,-2.236559
10.900005,1500,-2.334311
10.912505,1500,0.158358
10.925004,1500,0.060606
10.937500,1500,0.011730
10.950000,1500,0.011730
10.962500,1500,0.011730
10.975005,1500,0.011730
10.987501,1500,0.011730
11.000004,1500,-0.037146
11.012504,1500,0.011730
11.025000,1500,0.011730
11.037505,1500,0.011730
11.050004,1500,0.011730
11.062500,1500,-0.037146
11.075000,1500,-0.037146
11.087500,1500,0.011730
11.100001,1500,0.011730
11.112501,1500,0.011730
11.125004,1500,-0.037146
11.137504,1500,0.011730
11.150005,1500,-0.037146
11.162501,1500,-0.037146
11.175001,1500,0.011730
11.187504,1500,0.060606
11.200004,1500,0.011730
11.212500,1500,0.011730
11.225001,1500,0.011730
11.237504,1500,-0.037146
11.250004,1500,0.011730
11.262504,1500,-0.037146
11.275005,1500,0.011730
11.287501,1500,0.011730
11.300004,1500,-0.037146
11.312500,1500,-0.037146
11.325000,1500,-0.037146
11.337505,1500,-0.037146
11.350005,1500,-0.037146
11.362501,1500,-0.037146
11.375000,1500,-0.037146
11.387504,1500,0.011730
11.400005,1500,-0.037146
11.412501,1500,0.011730
11.425001,1500,0.011730
11.437504,1500,0.011730
11.450000,1500,-0.037146
11.462505,1500,-0.037146
11.475005,1500,0.011730
11.487501,1500,0.011730
11.500004,1500,0.011730
11.512504,1500,-0.037146
11.525000,1500,-0.037146
11.537505,1500,0.011730
11.550004,1500,0.011730
11.562504,1500,-0.037146
11.575000,1500,0.011730
11.587505,1500,0.011730
11.600005,1500,0.011730
11.612501,1500,-0.037146
11.625000,1500,0.011730
11.637504,1500,-0.037146
11.650005,1500,0.011730
11.662505,1500,0.060606
11.675004,1500,0.011730
11.687500,1500,0.011730
11.700004,1500,0.011730
11.712505,1500,0.011730
11.725001,1500,0.011730
11.737504,1500,0.011730
11.750000,1500,0.011730
11.762500,1500,0.011730
11.775005,1500,0.011730
11.787501,1500,0.011730
11.800004,1500,0.011730
11.812504,1500,0.011730
11.825004,1500,0.011730
11.837500,1500,-0.037146
11.850005,1500,0.060606
11.862501,1500,0.011730
11.875004,1500,0.011730
11.887500,1700,0.011730
11.900000,1700,0.011730
11.912501,1700,0.011730
11.925004,1700,0.011730
11.937500,1700,-0.037146
11.950004,1700,-0.037146
11.962509,1700,-0.037146
11.975005,1700,0.011730
11.987504,1700,0.011730
12.000004,1700,-0.037146
12.012504,1700,-4.875855
12.025000,1700,-5.022483
12.037505,1700,-0.379276
12.050001,1700,-0.281525
12.062504,1700,-0.134897
12.075000,1700,-0.086021
12.087500,1700,-0.086021
12.100001,1700,-0.134897
12.112504,1700,-0.183773
12.125004,1700,-0.086021
12.137504,1700,-0.086021
12.150005,1700,-0.086021
12.162505,1700,-0.037146
12.175004,1700,-0.330400
12.187500,1700,-0.232649
12.200004,1700,-0.623655
12.212505,1700,-1.698925
12.225001,1700,-1.503422
12.237504,1700,-1.698925
12.250000,1700,-2.432063
12.262500,1700,-2.529814
12.275005,1700,-2.138808
12.287501,1700,-2.138808
12.300001,1700,-2.041056
12.312500,1700,-2.285435
12.325000,1700,-2.236559
12.337500,1700,-1.356795
12.350001,1700,-1.992180
12.362501,1700,-2.285435
12.375004,1700,-2.236559
12.387500,1700,-2.285435
12.400000,1700,-2.089932
12.412505,1700,-2.285435
12.425001,1700,-1.845553
12.437504,1700,-2.187684
12.450000,1700,-2.383187
12.462505,1700,-2.089932
12.475005,1700,-2.138808
12.487501,1700,-2.383187
12.500000,1700,-2.236559
12.512500,1700,-2.334311
12.525000,1700,-2.432063
12.537505,1700,-2.187684
12.550004,1700,-2.236559
12.562500,1700,-1.552298
12.575004,1700,-1.796677
12.587505,1700,-1.259043
12.600001,1700,-2.138808
12.612504,1700,-2.138808
12.625008,1700,-1.894429
12.637509,1700,-1.943305
12.650000,1700,-2.236559
12.662505,1700,-2.041056
12.675004,1700,-2.138808
12.687504,1700,-2.383187
12.700004,1700,-2.138808
12.712505,1700,-2.236559
12.725005,1700,-1.992180
12.737501,1700,-2.089932
12.750008,1700,-1.796677
12.762504,1700,-1.454546
12.775005,1700,-1.259043
12.787505,1700,-1.210167
12.800004,1700,-1.845553
12.812504,1700,-1.992180
12.825000,1700,-1.845553
12.837505,1700,-1.992180
12.850005,1700,-1.992180
12.862504,1700,-1.894429
12.875000,1700,-1.894429
12.887504,1500,-2.041056
12.900000,1500,-1.943305
12.912501,1500,0.109482
12.925004,1500,0.060606
12.937500,1500,0.011730
12.950000,1500,0.011730
12.962500,1500,0.011730
12.975005,1500,0.011730
12.987508,1500,0.011730
13.000000,1500,-0.037146
13.012504,1500,0.011730
13.025000,1500,0.011730
13.037505,1500,0.011730
13.050004,1500,0.011730
13.062500,1500,-0.037146
13.075000,1500,-0.037146
13.087500,1500,-0.037146
13.100005,1500,0.011730
13.112504,1500,0.011730
13.125000,1500,0.060606
13.137504,1500,0.011730
13.150005,1500,-0.037146
13.162501,1500,0.011730
13.175004,1500,-0.037146
13.187504,1500,0.011730
13.200004,1500,0.011730
13.212505,1500,-0.037146
13.225001,1500,0.011730
13.237504,1500,0.011730
13.250000,1500,-0.037146
13.262500,1500,-0.037146
13.275000,1500,0.011730
13.287505,1500,-0.037146
13.300004,1500,0.011730
13.312500,1500,-0.037146
13.325000,1500,0.011730
13.337505,1500,-0.037146
13.350005,1500,0.011730
13.362501,1500,0.011730
13.375004,1500,0.011730
13.387500,1500,-0.037146
13.400000,1500,-0.037146
13.412501,1500,0.011730
13.425001,1500,0.011730
13.437504,1500,0.011730
13.450000,1500,0.011730
13.462500,1500,-0.037146
13.475005,1500,0.011730
13.487504,1500,0.011730
13.500000,1500,0.011730
13.512504,1500,0.011730
13.525005,1500,0.011730
13.537501,1500,-0.037146
13.550004,1500,0.011730
13.562500,1500,0.011730
13.575004,1500,0.011730
13.587500,1500,0.011730
13.600005,1500,0.011730
13.612501,1500,0.011730
13.625000,1500,0.011730
13.637500,1500,0.011730
13.650005,1500,-0.037146
13.662501,1500,0.011730
13.675004,1500,-0.037146
13.687504,1500,0.011730
13.700000,1500,0.011730
13.712505,1500,0.011730
13.725001,1500,0.011730
13.737504,1500,0.011730
13.750000,1500,0.011730
13.762500,1500,0.011730
13.775000,1500,-0.037146
13.787505,1500,0.011730
13.800004,1500,0.011730
13.812504,1500,-0.037146
13.825004,1500,-0.037146
13.837500,1500,0.011730
13.850005,1500,-0.037146
13.862501,1500,0.011730
13.875004,1500,0.011730
13.887500,1700,0.011730
13.900005,1700,0.011730
13.912501,1700,0.011730
13.925001,1700,-0.037146
13.937504,1700,0.011730
13.950000,1700,-0.037146
13.962505,1700,-0.037146
13.975005,1700,0.011730
13.987504,1700,0.011730
14.000004,1700,0.011730
14.012504,1700,0.011730
14.025005,1700,-4.680352
14.037505,1700,-0.379276
14.050004,1700,-0.281525
14.062500,1700,-0.183773
14.075000,1700,-0.183773
14.087500,1700,-0.134897
14.100005,1700,-0.086021
14.112504,1700,-0.086021
14.125004,1700,-0.086021
14.137504,1700,-0.037146
14.150005,1700,-0.134897
14.162505,1700,-0.086021
14.175001,1700,-0.281525
14.187508,1700,-0.232649
14.200004,1700,-0.574779
14.212500,1700,-1.454546
14.225005,1700,-1.356795
14.237504,1700,-1.747801
14.250000,1700,-2.285435
14.262500,1700,-2.138808
14.275005,1700,-2.138808
14.287501,1700,-2.089932
14.300001,1700,-1.992180
14.312504,1700,-2.285435
14.325000,1700,-2.041056
14.337505,1700,-1.845553
14.350005,1700,-1.845553
14.362504,1700,-2.089932
14.375004,1700,-1.894429
14.387504,1500,-1.943305
14.400005,1500,-2.089932
14.412501,1500,0.109482
14.425004,1500,0.060606
14.437500,1500,0.060606
14.450004,1500,-0.037146
14.462500,1500,0.060606
14.475001,1500,-0.037146
14.487504,1500,0.011730
14.500000,1500,0.011730
14.512500,1500,-0.037146
14.525000,1500,0.011730
14.537505,1500,0.060606
14.550004,1500,0.011730
14.562504,1500,0.011730
14.575000,1500,-0.037146
14.587505,1500,0.011730
14.600001,1500,0.011730
14.612504,1500,0.011730
14.625004,1500,0.011730
14.637500,1500,0.011730
14.650005,1500,-0.037146
14.662501,1500,-0.037146
14.675004,1500,0.011730
14.687500,1500,0.011730
14.700004,1500,0.011730
14.712505,1500,-0.037146
14.725001,1500,0.011730
14.737504,1500,-0.037146
14.750004,1500,-0.037146
14.762500,1500,0.011730
14.775005,1500,-0.037146
14.787505,1500,-0.037146
14.800004,1500,0.011730
14.812504,1500,0.011730
14.825004,1500,-0.037146
14.837505,1500,0.011730
14.850001,1500,0.011730
14.862504,1500,0.011730
14.875000,1500,0.011730
14.887500,1500,0.011730
14.900005,1500,0.011730
14.912505,1500,0.011730
14.925004,1500,0.011730
14.937500,1500,0.011730
14.950000,1500,0.011730
14.962500,1500,-0.037146
14.975005,1500,0.011730
14.987501,1500,-0.037146
15.000004,1500,0.011730
15.012504,1500,-0.037146
15.025005,1500,-0.037146
15.037505,1500,0.011730
15.050004,1500,0.011730
15.062500,1500,0.011730
15.075004,1500,0.011730
15.087505,1500,-0.037146
15.100001,1500,0.011730
15.112501,1500,0.011730
15.125004,1500,-0.037146
15.137504,1500,0.011730
15.150005,1500,0.011730
15.162501,1500,0.060606
15.175001,1500,0.011730
15.187500,1500,0.011730
15.200004,1500,0.011730
15.212505,1500,0.011730
15.225005,1500,0.011730
15.237504,1500,0.011730
15.250004,1500,0.011730
15.262504,1500,-0.037146
15.275005,1500,0.011730
15.287501,1500,0.011730
15.300004,1500,0.011730
15.312500,1500,0.011730
15.325000,1500,0.011730
15.337505,1500,0.011730
15.350005,1500,0.011730
15.362501,1500,0.011730
15.375004,1500,0.011730
15.387500,1700,0.011730
15.400000,1700,0.011730
15.412501,1700,0.011730
15.425001,1700,0.011730
15.437504,1700,0.011730
15.450000,1700,-0.037146
15.462505,1700,-0.037146
15.475005,1700,-0.037146
15.487504,1700,0.011730
15.500004,1700,0.011730
15.512504,1700,-4.631476
15.525009,1700,-4.778104
15.537501,1700,-0.379276
15.550001,1700,-0.330400
15.562500,1700,-0.232649
15.575000,1700,-0.134897
15.587500,1700,-0.232649
15.600005,1700,-0.134897
15.612504,1700,-0.037146
15.625000,1700,-0.134897
15.637500,1500,-0.183773
15.650005,1500,0.060606
15.662501,1500,0.011730
15.675004,1500,0.011730
15.687500,1500,-0.086021
15.700004,1500,0.011730
15.712505,1500,-0.037146
15.725001,1500,0.011730
15.737504,1500,-0.037146
15.750004,1500,0.011730
15.762504,1500,-0.037146
15.775005,1500,-0.037146
15.787505,1500,-0.037146
15.800004,1500,-0.037146
15.812504,1500,-0.037146
15.825013,1500,-0.037146
15.837505,1500,-0.037146
15.850005,1500,-0.037146
15.862501,1500,-0.037146
15.875004,1500,-0.037146
15.887500,1500,-0.037146
15.900005,1500,0.011730
15.912505,1500,0.011730
15.925001,1500,-0.037146
15.937504,1500,-0.037146
15.950000,1500,0.011730
15.962500,1500,0.011730
15.975005,1500,0.011730
15.987504,1500,0.011730
16.000003,1500,-0.037146
16.012504,1500,-0.086021
16.024999,1500,0.011730
16.037504,1500,0.011730
16.050003,1500,-0.037146
16.062500,1500,-0.037146
16.075000,1500,-0.037146
16.087499,1500,-0.037146
16.100000,1500,-0.037146
16.112503,1500,-0.037146
16.125003,1500,-0.037146
16.137504,1500,0.011730
16.150003,1500,0.011730
16.162500,1500,-0.037146
16.174999,1500,0.011730
16.187507,1500,-0.037146
16.200004,1500,-0.037146
16.212499,1500,0.011730
16.225000,1500,-0.037146
16.237499,1500,-0.037146
16.250000,1500,0.011730
16.262504,1500,-0.037146
16.275003,1500,0.011730
16.287504,1500,0.011730
16.300003,1500,0.011730
16.312503,1500,0.011730
16.325004,1500,0.011730
16.337499,1500,0.011730
16.350004,1500,0.011730
16.362499,1500,0.011730
16.375000,1500,0.011730
16.387500,1500,-0.037146
16.399999,1500,0.011730
16.412504,1500,0.011730
16.424999,1500,0.011730
16.437500,1500,0.011730
16.450004,1500,-0.037146
16.462499,1500,-0.037146
16.475000,1500,0.011730
16.487503,1500,0.011730
16.500003,1500,0.060606
16.512500,1500,0.011730
16.524999,1500,0.011730
16.537500,1500,-0.037146
16.550003,1500,0.011730
16.562500,1500,-0.037146
16.575000,1500,0.011730
16.587503,1500,0.011730
16.600004,1500,0.011730
16.612503,1500,0.011730
16.625000,1500,0.011730
16.637504,1700,0.011730
16.649999,1700,0.011730
16.662504,1700,0.011730
16.674999,1700,-0.037146
16.687503,1700,0.011730
16.700004,1700,0.011730
16.712499,1700,-0.037146
16.725004,1700,0.011730
16.737503,1700,-0.037146
16.750003,1700,0.011730
16.762504,1500,-4.631476
16.775003,1500,-0.037146
16.787504,1500,-0.037146
16.800003,1500,-0.037146
16.812500,1500,0.011730
16.825000,1500,0.011730
16.837503,1500,0.011730
16.850004,1500,-0.037146
16.862499,1500,0.011730
16.875003,1500,0.011730
16.887500,1500,0.011730
16.900003,1500,-0.037146
16.912504,1500,-0.037146
16.924999,1500,-0.037146
16.937500,1500,0.011730
16.950004,1500,0.011730
16.962503,1500,-0.037146
16.975000,1500,-0.037146
16.987503,1500,0.011730
17.000003,1500,-0.037146
17.012500,1500,0.011730
17.025003,1500,-0.037146
17.037504,1500,-0.037146
17.049999,1500,0.011730
17.062503,1500,0.011730
17.075004,1500,-0.037146
17.087499,1500,-0.037146
17.100000,1500,-0.037146
17.112503,1500,0.011730
17.125000,1500,-0.037146
17.137500,1500,-0.037146
17.149999,1500,-0.037146
17.162504,1500,-0.037146
17.174999,1500,0.011730
17.187503,1500,0.011730
17.200004,1500,-0.037146
17.212499,1500,-0.086021
17.225004,1500,-0.037146
17.237503,1500,-0.037146
17.250000,1500,-0.037146
17.262504,1500,-0.037146
17.275003,1500,0.011730
17.287504,1500,-0.037146
17.300003,1500,0.011730
17.312500,1500,-0.037146
17.325004,1500,0.011730
17.337499,1500,-0.037146
17.350000,1500,-0.037146
17.362503,1500,-0.037146
17.375000,1500,0.011730
17.387504,1500,0.011730
17.399999,1500,-0.037146
17.412500,1500,-0.037146
17.425003,1500,0.011730
17.437503,1500,-0.037146
17.450004,1500,-0.037146
17.462499,1500,0.011730
17.475004,1500,-0.037146
17.487503,1500,-0.037146
17.500003,1500,-0.037146
17.512504,1500,0.011730
17.524999,1500,-0.037146
17.537500,1500,0.011730
17.550003,1500,0.011730
17.562500,1500,-0.037146
17.575000,1500,-0.086021
17.587499,1500,-0.037146
17.600000,1500,-0.037146
17.612503,1500,-0.037146
17.625000,1500,-0.037146
17.637504,1500,-0.037146
17.650003,1500,-0.037146
17.662500,1500,-0.037146
17.674999,1500,-0.037146
17.687503,1500,0.011730
17.700000,1500,-0.037146
17.712503,1500,-0.037146
17.725000,1500,-0.037146
17.737503,1500,-0.037146
17.750000,1500,-0.037146
17.762504,1800,-0.037146
17.775003,1800,-5.902248
17.787500,1800,-6.733137
17.800003,1800,-4.582601
17.812503,1800,0.011730
17.825000,1800,0.011730
17.837503,1800,0.011730
17.850004,1800,-0.037146
17.862503,1800,0.011730
17.875003,1800,0.011730
17.887500,1800,-0.037146
17.899999,1800,-0.037146
17.912500,1800,0.011730
17.925003,1800,0.011730
17.937503,1800,0.011730
17.950000,1800,0.011730
17.962503,1800,-0.037146
17.975004,1800,0.011730
17.987503,1800,-0.037146
18.000003,1800,0.011730
18.012500,1800,-0.379276
18.024999,1800,-0.428152
18.037500,1800,-0.379276
18.050003,1800,-0.281525
18.062500,1800,-0.232649
18.075004,1800,-0.232649
18.087503,1800,-0.183773
18.100004,1800,-0.134897
18.112503,1800,-0.134897
18.125003,1800,-0.134897
18.137508,1800,-0.037146
18.150003,1800,-0.086021
18.162504,1800,-0.037146
18.174999,1800,-0.330400
18.187500,1800,-0.281525
18.200000,1800,-1.161292
18.212499,1800,-1.405671
18.225004,1800,-1.259043
18.237499,1800,-1.845553
18.250000,1800,-3.947215
18.262504,1800,-3.653958
18.275003,1800,-4.582601
18.287504,1800,-3.751709
18.299999,1800,-3.360703
18.312500,1800,-4.338222
18.325004,1800,-3.898339
18.337499,1800,-4.093842
18.350000,1800,-2.627566
18.362503,1800,-3.849461
18.375003,1800,-3.996091
18.387500,1800,-4.044967
18.399999,1800,-4.240470
18.412504,1800,-2.823069
18.425003,1800,-3.751709
18.437500,1800,-4.142718
18.450000,1800,-2.627566
18.462503,1800,-3.849461
18.475004,1800,-4.142718
18.487499,1800,-4.044967
18.500003,1800,-4.142718
18.512500,1800,-3.507330
18.525003,1800,-3.849461
18.537504,1800,-4.142718
18.550003,1800,-3.067448
18.562503,1800,-3.800585
18.575000,1800,-3.947215
18.587499,1800,-4.093842
18.600000,1800,-4.338222
18.612499,1800,-3.947215
18.625003,1800,-3.947215
18.637504,1800,-3.947215
18.650003,1800,-3.849461
18.662500,1800,-3.849461
18.675003,1800,-4.093842
18.687500,1800,-4.435973
18.700000,1800,-3.898339
18.712499,1800,-4.093842
18.725004,1800,-2.676442
18.737503,1800,-4.093842
18.750000,1800,-3.214076
18.762500,1800,-4.338222
18.775003,1800,-2.774193
18.787500,1800,-4.093842
18.799999,1800,-2.871945
18.812500,1800,-4.044967
18.825000,1800,-3.165200
18.837503,1800,-4.338222
18.850000,1800,-3.947215
18.862499,1800,-4.240470
18.875003,1800,-3.947215
18.887504,1800,-4.191594
18.900003,1800,-4.142718
18.912500,1800,-3.556206
18.924999,1800,-3.947215
18.937500,1800,-3.751709
18.950000,1800,-3.996091
18.962499,1800,-2.871945
18.975004,1800,-4.240470
18.987503,1800,-3.800585
19.000003,1800,-3.996091
19.012504,1800,-3.849461
19.025003,1800,-4.191594
19.037504,1800,-4.191594
19.050008,1800,-4.435973
19.062503,1800,-3.898339
19.075004,1800,-4.191594
19.087503,1800,-3.898339
19.100000,1800,-3.605082
19.112503,1800,-4.093842
19.125000,1800,-2.871945
19.137500,1800,-3.947215
19.150007,1800,-3.800585
19.162500,1800,-4.093842
19.175003,1800,-3.996091
19.187503,1800,-3.605082
19.200004,1800,-3.849461
19.212503,1800,-2.774193
19.225004,1800,-3.996091
19.237499,1800,-3.947215
19.250000,1800,-3.898339
19.262500,1800,-3.751709
19.275003,1800,-2.774193
19.287508,1800,-3.947215
19.299999,1800,-3.898339
19.312503,1800,-3.898339
19.325000,1800,-3.751709
19.337499,1800,-2.676442
19.350000,1800,-4.044967
19.362499,1800,-3.996091
19.375003,1800,-3.605082
19.387508,1800,-3.849461
19.400003,1800,-3.605082
19.412500,1800,-4.093842
19.425003,1800,-4.044967
19.437500,1800,-3.751709
19.450000,1800,-4.044967
19.462499,1800,-3.898339
19.475004,1800,-2.774193
19.487503,1800,-4.289346
19.500003,1800,-3.800585
19.512500,1800,-2.969696
19.524999,1800,-4.044967
19.537504,1800,-4.142718
19.549999,1800,-2.871945
19.562503,1800,-4.044967
19.575004,1800,-3.849461
19.587503,1800,-3.849461
19.600004,1800,-4.240470
19.612508,1800,-3.849461
19.625000,1800,-4.191594
19.637500,1800,-3.898339
19.650003,1800,-3.458455
19.662504,1800,-4.338222
19.674999,1800,-3.849461
19.687503,1800,-4.240470
19.700004,1800,-3.996091
19.712503,1800,-4.093842
19.725004,1800,-4.338222
19.737499,1800,-3.947215
19.750007,1800,-2.774193
19.762504,1500,-4.191594
19.775003,1500,0.158358
19.787500,1500,0.060606
19.799999,1500,0.060606
19.812503,1500,0.011730
19.825004,1500,0.011730
19.837499,1500,0.011730
19.850004,1500,-0.037146
19.862499,1500,-0.037146
19.875003,1500,-0.037146
19.887504,1500,0.011730
19.899999,1500,0.011730
19.912504,1500,-0.037146
19.924999,1500,0.011730
19.937500,1500,0.011730
19.950004,1500,-0.037146
19.962499,1500,-0.037146
19.975004,1500,0.011730
19.987503,1500,-0.037146
20.000003,1500,0.060606
20.012500,1500,0.011730
20.025003,1500,0.011730
20.037504,1500,0.011730
20.049999,1500,0.011730
20.062503,1500,0.011730
20.075004,1500,0.011730
20.087503,1500,0.060606
20.100000,1500,0.011730
20.112499,1500,0.011730
20.125003,1500,0.011730
20.137500,1500,0.011730
20.149999,1500,0.011730
20.162500,1500,0.011730
20.175003,1500,-0.037146
20.187500,1500,-0.037146
20.200000,1500,0.011730
20.212499,1500,0.011730
20.225000,1500,-0.037146
20.237503,1500,0.011730
20.250003,1500,0.011730
20.262504,1500,0.011730
20.275003,1500,-0.037146
20.287504,1500,0.011730
20.300003,1500,0.011730
20.312500,1500,0.011730
20.325004,1500,0.011730
20.337499,1500,0.011730
20.350004,1500,-0.037146
20.362499,1500,0.011730
20.375000,1500,0.011730
20.387500,1500,0.011730
20.400003,1500,0.011730
20.412504,1500,0.011730
20.424999,1500,0.011730
20.437500,1500,0.011730
20.450000,1500,0.011730
20.462499,1500,0.060606
20.475004,1500,0.011730
20.487499,1500,0.011730
20.500003,1500,-0.037146
20.512500,1500,0.011730
20.524999,1500,0.011730
20.537504,1500,-0.037146
20.550003,1500,0.060606
20.562500,1500,-0.037146
20.575000,1500,0.011730
20.587520,1500,0.011730
20.600004,1500,0.011730
20.612499,1500,0.011730
20.625000,1500,0.060606
20.637504,1500,0.011730
20.650003,1500,-0.037146
20.662500,1500,0.011730
20.675003,1500,0.011730
20.687503,1500,0.011730
20.700000,1500,0.011730
20.712499,1500,-0.037146
20.725004,1500,0.011730
20.737499,1500,-0.037146
20.750000,1500,0.011730
20.762504,1800,0.011730
20.775003,1800,0.011730
20.787500,1800,0.011730
20.799999,1800,-0.037146
20.812500,1800,0.011730
20.825004,1800,0.011730
20.837507,1800,0.060606
20.850004,1800,0.011730
20.862499,1800,0.011730
20.875003,1800,-4.924731
20.887500,1800,-5.951124
20.899999,1800,-0.330400
20.912504,1800,-0.134897
20.925003,1800,-0.232649
20.937500,1800,-0.134897
20.950000,1800,-0.134897
20.962503,1800,-0.232649
20.975000,1800,-0.379276
20.987503,1800,-0.330400
21.000000,1800,-0.086021
21.012504,1800,-0.379276
21.025007,1800,-0.379276
21.037500,1800,-0.428152
21.049999,1800,-1.992180
21.062503,1800,-1.454546
21.075004,1800,-1.992180
21.087503,1800,-1.796677
21.100000,1800,-3.653958
21.112503,1800,-4.582601
21.125000,1800,-4.289346
21.137500,1800,-4.582601
21.150003,1800,-4.289346
21.162504,1800,-4.093842
21.174999,1800,-4.142718
21.187500,1800,-4.338222
21.200004,1800,-3.947215
21.212499,1800,-4.044967
21.225000,1800,-3.898339
21.237508,1800,-3.556206
21.250000,1800,-4.142718
21.262504,1800,-2.920821
21.274999,1800,-3.996091
21.287500,1800,-4.044967
21.299999,1800,-3.849461
21.312500,1800,-3.947215
21.325004,1800,-4.142718
21.337507,1800,-4.240470
21.350004,1800,-3.898339
21.362499,1800,-4.240470
21.375000,1800,-3.702834
21.387504,1800,-4.093842
21.400003,1800,-4.191594
21.412500,1800,-4.338222
21.425003,1800,-3.849461
21.437503,1800,-4.142718
21.450004,1800,-3.898339
21.462499,1800,-4.044967
21.475000,1800,-2.969696
21.487503,1800,-4.240470
21.500003,1800,-3.507330
21.512504,1800,-3.898339
21.524999,1800,-3.996091
21.537504,1800,-3.849461
21.549999,1800,-4.044967
21.562503,1800,-3.556206
21.575000,1800,-3.947215
21.587503,1800,-4.289346
21.600000,1800,-3.849461
21.612499,1800,-3.800585
21.625000,1800,-4.093842
21.637504,1800,-3.116324
21.649999,1800,-3.849461
21.662504,1800,-3.996091
21.674999,1800,-4.044967
21.687500,1800,-4.191594
21.700000,1800,-3.800585
21.712499,1800,-3.849461
21.725000,1800,-3.653958
21.737499,1800,-3.751709
21.750000,1800,-4.142718
21.762504,1500,-4.044967
21.775003,1500,0.109482
21.787500,1500,0.060606
21.800003,1500,0.207233
21.812500,1500,0.011730
21.825000,1500,0.011730
21.837503,1500,0.011730
21.850004,1500,0.011730
21.862499,1500,0.011730
21.875003,1500,-0.037146
21.887504,1500,0.060606
21.899999,1500,0.011730
21.912504,1500,0.011730
21.925003,1500,0.060606
21.937503,1500,0.011730
21.950000,1500,0.011730
21.962499,1500,-0.037146
21.975000,1500,0.011730
21.987503,1500,0.011730
22.000003,1500,-0.037146
22.012500,1500,0.011730
22.025003,1500,0.011730
22.037504,1500,0.011730
22.049999,1500,0.060606
22.062503,1500,-0.037146
22.075000,1500,0.011730
22.087499,1500,0.011730
22.100004,1500,-0.037146
22.112499,1500,0.011730
22.125003,1500,-0.037146
22.137504,1500,0.011730
22.150003,1500,0.011730
22.162500,1500,-0.037146
22.174999,1500,-0.037146
22.187500,1500,-0.037146
22.200000,1500,0.011730
22.212499,1500,0.011730
22.225000,1500,0.011730
22.237503,1500,0.011730
22.250003,1500,0.060606
22.262500,1500,0.011730
22.275003,1500,0.060606
22.287504,1500,0.011730
22.300003,1500,0.011730
22.312500,1500,0.011730
22.325004,1500,0.011730
22.337503,1500,0.011730
22.350004,1500,-0.037146
22.362503,1500,-0.037146
22.375000,1500,-0.037146
22.387500,1500,-0.037146
22.399999,1500,-0.037146
22.412500,1500,0.011730
22.424999,1500,0.011730
22.437500,1500,0.011730
22.450004,1500,-0.037146
22.462499,1500,0.011730
22.475004,1500,0.011730
22.487503,1500,0.011730
22.500003,1500,0.011730
22.512504,1500,0.011730
22.524999,1500,-0.037146
22.537500,1500,0.011730
22.550003,1500,0.011730
22.562500,1500,0.011730
22.575004,1500,0.011730
22.587507,1500,-0.037146
22.600004,1500,0.011730
22.612499,1500,0.011730
22.625003,1500,0.011730
22.637500,1500,0.011730
22.650003,1500,0.011730
22.662500,1500,0.011730
22.675003,1500,0.011730
22.687500,1500,-0.037146
22.700004,1500,0.011730
22.712503,1500,0.011730
22.725000,1500,0.011730
22.737503,1500,0.011730
22.750003,1500,0.011730
22.762500,1800,0.011730
22.775007,1800,0.011730
22.787500,1800,0.011730
22.800003,1800,0.011730
22.812500,1800,-0.037146
22.825000,1800,0.060606
22.837499,1800,0.011730
22.850004,1800,-0.037146
22.862503,1800,0.011730
22.875003,1800,-0.037146
22.887504,1800,-6.244379
22.900003,1800,-0.379276
22.912504,1800,-0.281525
22.924999,1800,-0.086021
22.937500,1800,-0.086021
22.950008,1800,-0.037146
22.962499,1800,-0.183773
22.975000,1800,-0.134897
22.987503,1800,-0.086021
23.000003,1800,-0.134897
23.012500,1800,-0.037146
23.024999,1800,-0.086021
23.037504,1800,-0.428152
23.050003,1800,-0.525904
23.062503,1800,-0.379276
23.075004,1800,-1.356795
23.087499,1800,-1.356795
23.100000,1800,-1.259043
23.112499,1800,-3.214076
23.125003,1800,-3.165200
23.137504,1800,-4.191594
23.150003,1800,-3.898339
23.162504,1800,-3.898339
23.175003,1800,-3.898339
23.187500,1800,-3.996091
23.200004,1800,-3.800585
23.212503,1800,-4.093842
23.225008,1800,-3.898339
23.237503,1800,-3.947215
23.250000,1800,-3.653958
23.262500,1500,-3.947215
23.274999,1500,0.109482
23.287500,1500,0.109482
23.299999,1500,0.060606
23.312500,1500,0.011730
23.325004,1500,0.011730
23.337499,1500,0.011730
23.350004,1500,0.011730
23.362499,1500,0.011730
23.375003,1500,0.011730
23.387504,1500,0.011730
23.399999,1500,0.011730
23.412500,1500,0.060606
23.425003,1500,0.011730
23.437500,1500,0.011730
23.450004,1500,-0.037146
23.462499,1500,0.011730
23.475004,1500,0.060606
23.487499,1500,-0.037146
23.500000,1500,0.011730
23.512504,1500,0.011730
23.524999,1500,0.011730
23.537500,1500,0.011730
23.550003,1500,-0.037146
23.562503,1500,0.011730
23.575000,1500,0.011730
23.587503,1500,-0.037146
23.600004,1500,-0.037146
23.612499,1500,0.011730
23.625000,1500,0.011730
23.637500,1500,0.011730
23.650003,1500,0.011730
23.662500,1500,0.011730
23.675003,1500,0.011730
23.687503,1500,0.011730
23.700000,1500,0.060606
23.712503,1500,0.011730
23.725000,1500,-0.037146
23.737503,1500,-0.037146
23.750000,1500,-0.037146
23.762504,1500,0.011730
23.774999,1500,0.011730
23.787504,1500,-0.037146
23.800003,1500,-0.037146
23.812500,1500,0.011730
23.825000,1500,0.011730
23.837503,1500,0.011730
23.850004,1500,-0.037146
23.862499,1500,0.011730
23.875003,1500,0.011730
23.887504,1500,0.011730
23.899999,1500,0.011730
23.912504,1500,0.011730
23.924999,1500,-0.037146
23.937503,1500,-0.037146
23.950004,1500,0.011730
23.962503,1500,0.060606
23.975004,1500,0.011730
23.987503,1500,-0.037146
24.000000,1500,0.011730
24.012504,1500,-0.037146
24.024999,1500,0.011730
24.037500,1500,0.011730
24.049999,1500,0.011730
24.062503,1500,0.011730
24.075004,1500,0.011730
24.087503,1500,-0.037146
24.100004,1500,-0.037146
24.112499,1500,0.011730
24.125003,1500,0.011730
24.137500,1500,0.011730
24.149999,1500,0.011730
24.162500,1500,0.011730
24.174999,1500,-0.037146
24.187500,1500,0.011730
24.200004,1500,0.011730
24.212503,1500,0.011730
24.225000,1500,0.011730
24.237503,1500,0.011730
24.250003,1500,-0.037146
24.262504,1800,0.011730
24.275003,1800,0.011730
24.287500,1800,0.011730
24.300003,1800,-0.037146
24.312503,1800,-0.037146
24.325000,1800,-0.037146
24.337503,1800,-0.037146
24.350011,1800,0.011730
24.362499,1800,0.011730
24.375000,1800,-4.435973
24.387504,1800,-6.635385
24.399999,1800,-0.281525
24.412504,1800,-0.232649
24.425003,1800,-0.183773
24.437503,1800,-0.086021
24.450004,1800,-0.134897
24.462499,1800,-0.037146
24.475004,1800,-0.428152
24.487503,1800,-0.477028
24.500003,1800,0.011730
24.512504,1500,-0.379276
24.524999,1500,-0.232649
24.537504,1500,0.060606
24.550003,1500,0.011730
24.562500,1500,-0.037146
24.575000,1500,-0.037146
24.587499,1500,0.011730
24.600004,1500,0.011730
24.612499,1500,0.011730
24.625000,1500,0.011730
24.637504,1500,-0.037146
24.650003,1500,-0.037146
24.662500,1500,-0.037146
24.674999,1500,-0.037146
24.687503,1500,0.011730
24.700000,1500,-0.037146
24.712503,1500,-0.037146
24.725000,1500,0.011730
24.737503,1500,-0.037146
24.750000,1500,-0.037146
24.762504,1500,-0.037146
24.775003,1500,-0.037146
24.787504,1500,0.011730
24.799999,1500,0.011730
24.812503,1500,-0.037146
24.825004,1500,-0.037146
24.837503,1500,-0.086021
24.850004,1500,0.011730
24.862503,1500,-0.037146
24.875000,1500,-0.037146
24.887504,1500,-0.037146
24.900003,1500,-0.037146
24.912500,1500,-0.037146
24.925003,1500,-0.037146
24.937503,1500,-0.037146
24.950004,1500,0.011730
24.962503,1500,0.011730
24.975004,1500,-0.037146
24.987503,1500,-0.037146
25.000003,1500,0.011730
25.012504,1500,-0.037146
25.025003,1500,-0.037146
25.037500,1500,0.060606
25.049999,1500,0.011730
25.062503,1500,0.011730
25.075004,1500,-0.037146
25.087499,1500,0.011730
25.100000,1500,0.011730
25.112499,1500,0.011730
25.125000,1500,-0.037146
25.137500,1500,0.011730
25.149999,1500,-0.037146
25.162504,1500,-0.037146
25.174999,1500,0.011730
25.187500,1500,-0.037146
25.200000,1500,0.011730
25.212499,1500,0.011730
25.225000,1500,-0.037146
25.237499,1500,0.011730
25.250000,1500,0.011730
25.262504,1500,0.011730
25.275003,1500,-0.037146
25.287500,1500,0.011730
25.300003,1500,0.011730
25.312500,1500,0.011730
25.325004,1500,-0.037146
25.337503,1500,0.060606
25.350004,1500,0.011730
25.362499,1500,-0.037146
25.375000,1500,0.011730
25.387500,1500,0.011730
25.400003,1500,0.011730
25.412504,1500,0.011730
25.424999,1500,0.011730
25.437500,1500,0.011730
25.450004,1500,0.011730
25.462503,1500,-0.037146
25.475004,1500,0.011730
25.487503,1500,-0.037146
25.500000,1500,0.011730
25.512504,1800,0.011730
25.524999,1800,0.011730
25.537500,1800,-0.037146
25.549999,1800,0.011730
25.562500,1800,0.011730
25.575000,1800,-0.037146
25.587499,1800,0.011730
25.600004,1800,0.060606
25.612499,1800,-0.037146
25.625000,1800,-0.037146
25.637504,1500,-6.635385
25.650003,1500,-4.680352
25.662504,1500,-0.037146
25.675003,1500,-0.037146
25.687500,1500,-0.037146
25.700004,1500,-0.037146
25.712499,1500,-0.037146
25.725004,1500,-0.037146
25.737503,1500,-0.037146
25.750000,1500,-0.037146
25.762504,1500,-0.037146
25.775003,1500,-0.037146
25.787500,1500,-0.037146
25.800003,1500,0.011730
25.812500,1500,0.011730
25.825000,1500,-0.037146
25.837503,1500,-0.037146
25.850004,1500,-0.037146
25.862499,1500,0.011730
25.875003,1500,-0.037146
25.887504,1500,-0.037146
25.899999,1500,-0.037146
25.912504,1500,-0.037146
25.924999,1500,-0.037146
25.937500,1500,-0.037146
25.950004,1500,-0.037146
25.962499,1500,-0.037146
25.975000,1500,-0.037146
25.987499,1500,-0.037146
26.000000,1500,-0.037146
26.012500,1500,-0.037146
26.025003,1500,-0.037146
26.037500,1500,-0.037146
26.050003,1500,0.011730
26.062503,1500,0.011730
26.075004,1500,0.011730
26.087503,1500,-0.037146
26.100000,1500,0.060606
26.112503,1500,0.011730
26.125000,1500,0.011730
26.137504,1500,-0.037146
26.150003,1500,0.011730
26.162500,1500,0.011730
26.174999,1500,-0.037146
26.187500,1500,0.011730
26.200004,1500,-0.037146
26.212503,1500,-0.037146
26.225004,1500,-0.037146
26.237503,1500,-0.037146
26.250000,1500,-0.037146
26.262504,1500,-0.037146
26.275003,1500,-0.037146
26.287500,1500,-0.037146
26.299999,1500,0.011730
26.312500,1500,-0.037146
26.325004,1500,0.011730
26.337499,1500,-0.037146
26.350000,1500,-0.037146
26.362503,1500,-0.037146
26.375000,1500,0.011730
26.387500,1500,0.011730
26.400003,1500,0.011730
26.412500,1500,-0.037146
26.425003,1500,0.011730
26.437503,1500,0.011730
26.450004,1500,-0.037146
26.462499,1500,0.011730
26.475004,1500,-0.037146
26.487503,1500,-0.037146
26.500003,1500,-0.037146
26.512504,1500,0.011730
26.525003,1500,0.011730
26.537500,1500,0.011730
26.549999,1500,-0.037146
26.562500,1500,-0.037146
26.575004,1500,0.011730
26.587503,1500,0.011730
26.600004,1500,-0.037146
26.612499,1500,-0.037146
26.625003,1500,-0.037146
26.637500,1900,0.011730
26.649999,1900,-0.037146
26.662504,1900,-5.364614
26.675003,1900,-5.608994
26.687503,1900,0.011730
26.700000,1900,-0.037146
26.712503,1900,0.011730
26.725004,1900,0.011730
26.737503,1900,0.011730
26.750000,1900,0.011730
26.762500,1900,0.011730
26.774999,1900,-0.037146
26.787500,1900,0.011730
26.800008,1900,0.011730
26.812503,1900,-0.037146
26.825000,1900,0.011730
26.837503,1900,-0.037146
26.850004,1900,0.011730
26.862499,1900,0.011730
26.875003,1900,0.011730
26.887504,1900,0.060606
26.900003,1900,-0.428152
26.912504,1900,-0.379276
26.925003,1900,-0.330400
26.937500,1900,-0.134897
26.950004,1900,-0.134897
26.962499,1900,-0.086021
26.975000,1900,-0.183773
26.987499,1900,-0.134897
27.000000,1900,-0.134897
27.012504,1900,-0.037146
27.025007,1900,-0.037146
27.037500,1900,-0.379276
27.049999,1900,-0.281525
27.062507,1900,-0.477028
27.075004,1900,-0.965788
27.087499,1900,-0.770285
27.100008,1900,-1.356795
27.112503,1900,-2.871945
27.125000,1900,-2.823069
27.137504,1900,-4.338222
27.150003,1900,-3.849461
27.162500,1900,-4.533725
27.174999,1900,-5.608994
27.187503,1900,-5.706745
27.200000,1900,-4.191594
27.212503,1900,-4.826980
27.225004,1900,-5.071359
27.237499,1900,-4.484849
27.250000,1900,-5.022483
27.262500,1900,-4.142718
27.274999,1900,-5.462366
27.287500,1900,-4.875855
27.300003,1900,-5.266862
27.312503,1900,-4.044967
27.325004,1900,-5.266862
27.337503,1900,-5.413489
27.350000,1900,-5.560118
27.362499,1900,-5.315738
27.375003,1900,-5.266862
27.387500,1900,-5.217986
27.399999,1900,-5.364614
27.412504,1900,-3.947215
27.425003,1900,-5.560118
27.437503,1900,-5.169110
27.450004,1900,-5.560118
27.462507,1900,-5.169110
27.475004,1900,-5.511242
27.487503,1900,-4.093842
27.500000,1900,-4.044967
27.512504,1900,-5.266862
27.524999,1900,-5.169110
27.537500,1900,-5.560118
27.549999,1900,-4.387097
27.562500,1900,-5.169110
27.575000,1900,-5.511242
27.587503,1900,-5.071359
27.600000,1900,-5.315738
27.612508,1900,-5.364614
27.625000,1900,-4.289346
27.637504,1900,-5.022483
27.649999,1900,-4.826980
27.662504,1900,-5.511242
27.674999,1900,-5.071359
27.687503,1900,-5.071359
27.700000,1900,-5.266862
27.712503,1900,-5.169110
27.725000,1900,-3.898339
27.737508,1900,-5.413489
27.750003,1900,-4.240470
27.762504,1900,-4.924731
27.775003,1900,-5.560118
27.787508,1900,-4.191594
27.800003,1900,-5.071359
27.812500,1900,-4.338222
27.825004,1900,-5.364614
27.837499,1900,-4.973607
27.850004,1900,-3.653958
27.862499,1900,-5.413489
27.875000,1900,-3.800585
27.887500,1900,-5.022483
27.899999,1900,-5.169110
27.912504,1900,-5.266862
27.925003,1900,-4.582601
27.937500,1900,-4.484849
27.950000,1900,-5.022483
27.962503,1900,-5.364614
27.975000,1900,-5.169110
27.987499,1900,-5.022483
28.000000,1900,-3.751709
28.012508,1900,-5.120234
28.024999,1900,-5.364614
28.037500,1900,-4.924731
28.049999,1900,-5.022483
28.062503,1900,-3.947215
28.075000,1900,-5.608994
28.087507,1900,-4.973607
28.100004,1900,-4.631476
28.112503,1900,-4.973607
28.125000,1900,-3.996091
28.137504,1900,-5.364614
28.150003,1900,-5.071359
28.162500,1900,-5.071359
28.175003,1900,-4.729228
28.187503,1900,-4.631476
28.200004,1900,-5.413489
28.212499,1900,-5.217986
28.225004,1900,-4.924731
28.237499,1900,-4.973607
28.250007,1900,-3.653958
28.262508,1900,-5.560118
28.274999,1900,-3.751709
28.287504,1900,-4.924731
28.300003,1900,-3.996091
28.312503,1900,-4.973607
28.325004,1900,-5.071359
28.337499,1900,-5.364614
28.350000,1900,-5.315738
28.362499,1900,-3.751709
28.375000,1900,-4.924731
28.387504,1900,-4.484849
28.399999,1900,-4.142718
28.412500,1900,-5.315738
28.424999,1900,-5.266862
28.437500,1900,-5.169110
28.450004,1900,-4.875855
28.462503,1900,-3.751709
28.475000,1900,-5.120234
28.487499,1900,-3.800585
28.500003,1900,-5.266862
28.512504,1900,-5.315738
28.525003,1900,-5.315738
28.537504,1900,-4.387097
28.549999,1900,-5.022483
28.562500,1900,-5.169110
28.575000,1900,-4.729228
28.587503,1900,-3.458455
28.600004,1900,-4.875855
28.612503,1900,-5.462366
28.625011,1900,-4.973607
28.637500,1500,-4.778104
28.650003,1500,-4.240470
28.662504,1500,0.109482
28.674999,1500,0.060606
28.687503,1500,0.011730
28.700000,1500,0.011730
28.712499,1500,0.011730
28.725000,1500,0.011730
28.737503,1500,0.011730
28.750003,1500,0.011730
28.762504,1500,0.060606
28.775003,1500,0.011730
28.787504,1500,0.011730
28.800003,1500,0.011730
28.812503,1500,0.011730
28.825004,1500,0.011730
28.837499,1500,0.060606
28.850000,1500,-0.037146
28.862499,1500,0.011730
28.875003,1500,0.011730
28.887500,1500,-0.037146
28.900003,1500,0.011730
28.912504,1500,0.011730
28.924999,1500,-0.037146
28.937503,1500,0.011730
28.950000,1500,0.011730
28.962499,1500,0.011730
28.975004,1500,0.060606
28.987512,1500,0.011730
29.000000,1500,0.011730
29.012504,1500,0.011730
29.024999,1500,0.011730
29.037504,1500,0.011730
29.050003,1500,-0.037146
29.062503,1500,0.011730
29.075004,1500,0.011730
29.087499,1500,0.011730
29.100004,1500,0.011730
29.112503,1500,0.011730
29.125003,1500,0.011730
29.137500,1500,0.011730
29.149999,1500,0.011730
29.162500,1500,0.011730
29.174999,1500,0.011730
29.187503,1500,-0.037146
29.200004,1500,-0.037146
29.212499,1500,-0.037146
29.225004,1500,-0.037146
29.237503,1500,0.011730
29.250000,1500,-0.037146
29.262504,1500,0.011730
29.275003,1500,0.011730
29.287504,1500,0.060606
29.300003,1500,0.011730
29.312500,1500,-0.037146
29.325004,1500,0.011730
29.337499,1500,0.011730
29.350004,1500,0.011730
29.362499,1500,0.011730
29.375000,1500,0.011730
29.387500,1500,0.011730
29.400003,1500,0.011730
29.412504,1500,0.011730
29.424999,1500,0.011730
29.437500,1500,-0.037146
29.450000,1500,0.011730
29.462499,1500,-0.037146
29.475004,1500,-0.037146
29.487499,1500,0.011730
29.500003,1500,0.011730
29.512504,1500,-0.037146
29.524999,1500,0.011730
29.537500,1500,0.011730
29.549999,1500,-0.037146
29.562503,1500,0.011730
29.575000,1500,0.011730
29.587503,1500,0.011730
29.600004,1500,0.011730
29.612499,1500,-0.037146
29.625003,1500,0.060606
29.637500,1900,0.011730
29.650003,1900,0.011730
29.662500,1900,0.011730
29.674999,1900,0.060606
29.687500,1900,0.011730
29.700004,1900,0.011730
29.712503,1900,-0.037146
29.725004,1900,0.011730
29.737503,1900,0.011730
29.750000,1900,0.011730
29.762500,1900,-5.657869
29.775003,1900,-0.623655
29.787504,1900,-0.379276
29.800003,1900,-0.428152
29.812503,1900,-0.379276
29.825004,1900,-0.281525
29.837503,1900,-0.134897
29.850000,1900,-0.134897
29.862508,1900,-0.183773
29.875000,1900,-0.086021
29.887508,1900,-0.183773
29.900003,1900,-0.183773
29.912504,1900,-0.037146
29.925003,1900,-0.086021
29.937500,1900,-0.134897
29.950004,1900,-0.281525
29.962499,1900,-0.574779
29.975000,1900,-1.845553
29.987503,1900,-1.405671
30.000000,1900,-1.845553
30.012504,1900,-3.605082
30.025003,1900,-3.116324
30.037504,1900,-4.680352
30.050003,1900,-4.484849
30.062500,1900,-4.826980
30.075004,1900,-5.315738
30.087507,1900,-3.947215
30.100000,1900,-3.849461
30.112503,1900,-5.511242
30.125000,1900,-5.022483
30.137504,1900,-4.778104
30.150003,1900,-5.706745
30.162504,1900,-4.924731
30.174999,1900,-4.044967
30.187503,1900,-5.266862
30.200000,1900,-5.217986
30.212503,1900,-5.071359
30.225000,1900,-3.751709
30.237499,1900,-5.071359
30.250000,1900,-5.413489
30.262500,1900,-5.169110
30.275003,1900,-4.338222
30.287504,1900,-5.217986
30.300008,1900,-4.973607
30.312503,1900,-4.778104
30.325000,1900,-5.217986
30.337499,1900,-4.289346
30.350000,1900,-5.364614
30.362499,1900,-5.022483
30.375003,1900,-3.067448
30.387500,1900,-5.364614
30.400003,1900,-3.702834
30.412500,1900,-5.217986
30.425003,1900,-4.484849
30.437500,1900,-4.582601
30.450000,1900,-5.364614
30.462499,1900,-4.924731
30.475000,1900,-3.996091
30.487499,1900,-5.266862
30.500003,1900,-4.826980
30.512504,1900,-4.044967
30.525003,1900,-5.315738
30.537500,1900,-4.631476
30.550003,1900,-5.169110
30.562500,1900,-5.364614
30.575000,1900,-4.924731
30.587503,1900,-4.973607
30.600000,1900,-4.582601
30.612499,1900,-5.169110
30.625003,1900,-3.653958
30.637500,1500,-4.973607
30.650003,1500,-5.022483
30.662504,1500,0.109482
30.674999,1500,0.060606
30.687503,1500,0.011730
30.700000,1500,0.011730
30.712499,1500,0.011730
30.725000,1500,-0.037146
30.737499,1500,0.060606
30.750003,1500,-0.037146
30.762500,1500,0.011730
30.775003,1500,-0.037146
30.787504,1500,-0.037146
30.800003,1500,0.011730
30.812500,1500,0.011730
30.825000,1500,0.011730
30.837503,1500,0.011730
30.850004,1500,0.011730
30.862503,1500,0.011730
30.875003,1500,0.011730
30.887500,1500,0.011730
30.899999,1500,0.011730
30.912504,1500,0.011730
30.924999,1500,0.011730
30.937500,1500,0.011730
30.950000,1500,0.060606
30.962499,1500,0.011730
30.975004,1500,0.011730
30.987503,1500,0.011730
31.000003,1500,0.011730
31.012500,1500,0.011730
31.025003,1500,0.011730
31.037504,1500,0.011730
31.049999,1500,-0.037146
31.062500,1500,0.011730
31.075000,1500,0.011730
31.087499,1500,0.011730
31.100000,1500,0.011730
31.112503,1500,0.011730
31.125003,1500,0.011730
31.137500,1500,0.011730
31.149999,1500,0.060606
31.162504,1500,0.011730
31.175003,1500,0.011730
31.187500,1500,0.011730
31.200004,1500,0.011730
31.212503,1500,0.011730
31.225000,1500,0.011730
31.237503,1500,0.011730
31.250000,1500,0.011730
31.262504,1500,-0.037146
31.275003,1500,0.011730
31.287504,1500,0.011730
31.300003,1500,0.011730
31.312500,1500,-0.037146
31.325004,1500,0.011730
31.337503,1500,0.011730
31.350004,1500,0.011730
31.362499,1500,0.011730
31.375000,1500,-0.037146
31.387504,1500,0.011730
31.399999,1500,0.011730
31.412500,1500,0.011730
31.424999,1500,0.060606
31.437503,1500,0.011730
31.450004,1500,0.011730
31.462503,1500,-0.037146
31.475004,1500,0.011730
31.487503,1500,0.011730
31.500003,1500,0.011730
31.512504,1500,-0.037146
31.524999,1500,0.011730
31.537500,1500,0.011730
31.549999,1500,0.011730
31.562500,1500,0.011730
31.575004,1500,0.011730
31.587499,1500,0.011730
31.600004,1500,0.011730
31.612499,1500,0.011730
31.625000,1500,0.011730
31.637504,1900,0.011730
31.649999,1900,0.011730
31.662504,1900,0.011730
31.675003,1900,0.011730
31.687500,1900,0.011730
31.700000,1900,0.011730
31.712503,1900,0.060606
31.725008,1900,0.011730
31.737503,1900,0.011730
31.750000,1900,0.011730
31.762500,1900,-6.048876
31.774999,1900,-0.330400
31.787500,1900,-0.379276
31.799999,1900,-0.183773
31.812503,1900,-0.134897
31.825004,1900,-0.183773
31.837499,1900,-0.086021
31.850000,1900,-0.086021
31.862503,1900,-0.086021
31.875000,1900,-0.134897
31.887504,1900,-0.086021
31.900003,1900,-0.086021
31.912504,1900,-0.477028
31.924999,1900,-0.330400
31.937503,1900,-0.623655
31.950000,1900,-0.379276
31.962503,1900,-1.552298
31.975004,1900,-2.089932
31.987503,1900,-1.698925
32.000003,1900,-3.409579
32.012500,1900,-4.680352
32.025005,1900,-4.240470
32.037502,1900,-5.315738
32.050003,1900,-5.120234
32.062503,1900,-5.608994
32.075000,1900,-3.898339
32.087505,1900,-4.973607
32.099998,1900,-5.315738
32.112503,1900,-4.875855
32.125003,1900,-5.413489
32.137500,1500,-4.680352
32.150005,1500,-4.924731
32.162502,1500,0.109482
32.174999,1500,0.060606
32.187500,1500,0.011730
32.200004,1500,0.011730
32.212501,1500,0.011730
32.224998,1500,-0.037146
32.237503,1500,0.011730
32.250003,1500,-0.037146
32.262500,1500,0.011730
32.275005,1500,-0.037146
32.287498,1500,0.011730
32.300003,1500,-0.037146
32.312500,1500,0.011730
32.325004,1500,0.011730
32.337505,1500,0.011730
32.350002,1500,0.011730
32.362499,1500,-0.037146
32.375000,1500,0.011730
32.387500,1500,0.011730
32.400005,1500,-0.037146
32.412498,1500,-0.037146
32.425003,1500,0.011730
32.437503,1500,0.011730
32.450004,1500,0.011730
32.462505,1500,0.011730
32.475002,1500,-0.037146
32.487499,1500,0.011730
32.500003,1500,-0.037146
32.512500,1500,0.011730
32.525001,1500,0.011730
32.537502,1500,0.011730
32.550003,1500,0.011730
32.562500,1500,0.011730
32.575000,1500,0.011730
32.587501,1500,0.011730
32.599998,1500,-0.037146
32.612499,1500,0.011730
32.625003,1500,0.011730
32.637500,1500,0.011730
32.650001,1500,0.011730
32.662498,1500,0.011730
32.675003,1500,0.011730
32.687500,1500,0.011730
32.700004,1500,0.011730
32.712505,1500,0.011730
32.724998,1500,0.011730
32.737499,1500,0.011730
32.750000,1500,0.011730
32.762504,1500,-0.037146
32.775005,1500,0.011730
32.787502,1500,0.011730
32.800003,1500,0.011730
32.812500,1500,0.011730
32.825000,1500,0.011730
32.837505,1500,0.011730
32.850002,1500,0.011730
32.862503,1500,0.011730
32.875003,1500,0.011730
32.887500,1500,0.011730
32.900001,1500,0.011730
32.912502,1500,-0.037146
32.924999,1500,0.011730
32.937500,1500,0.011730
32.950000,1500,0.060606
32.962501,1500,0.011730
32.975002,1500,0.011730
32.987503,1500,-0.037146
33.000003,1500,0.011730
33.012504,1500,-0.037146
33.025005,1500,0.011730
33.037502,1500,0.011730
33.049999,1500,-0.037146
33.062500,1500,0.011730
33.075000,1500,0.011730
33.087501,1500,0.011730
33.100002,1500,-0.037146
33.112503,1500,0.011730
33.125003,1500,-0.037146
33.137500,1900,0.011730
33.150005,1900,-0.037146
33.162502,1900,0.011730
33.174999,1900,0.011730
33.187503,1900,0.011730
33.200004,1900,0.011730
33.212501,1900,0.011730
33.225002,1900,-0.037146
33.237499,1900,0.011730
33.250003,1900,0.011730
33.262500,1900,-4.631476
33.275001,1900,-0.379276
33.287502,1900,-0.281525
33.299999,1900,-0.183773
33.312500,1900,-0.183773
33.325008,1900,-0.086021
33.337505,1900,-0.134897
33.350002,1900,-0.134897
33.362503,1900,-0.330400
33.375003,1900,-0.037146
33.387504,1500,0.011730
33.400001,1500,0.060606
33.412498,1500,0.011730
33.424999,1500,-0.037146
33.437503,1500,0.011730
33.450004,1500,0.011730
33.462505,1500,0.011730
33.475002,1500,-0.037146
33.487499,1500,-0.037146
33.500000,1500,0.011730
33.512504,1500,-0.037146
33.525001,1500,-0.037146
33.537502,1500,0.011730
33.550003,1500,0.011730
33.562500,1500,0.011730
33.575000,1500,0.011730
33.587505,1500,-0.037146
33.600002,1500,0.011730
33.612499,1500,0.011730
33.625000,1500,0.011730
33.637504,1500,-0.037146
33.650005,1500,0.011730
33.662502,1500,-0.037146
33.675003,1500,0.011730
33.687503,1500,0.011730
33.700000,1500,-0.037146
33.712505,1500,-0.037146
33.724998,1500,-0.037146
33.737503,1500,-0.037146
33.750000,1500,-0.037146
33.762500,1500,-0.037146
33.775001,1500,0.011730
33.787502,1500,0.011730
33.800003,1500,-0.037146
33.812500,1500,0.011730
33.825000,1500,-0.037146
33.837505,1500,-0.037146
33.850002,1500,-0.037146
33.862499,1500,-0.037146
33.875000,1500,0.011730
33.887500,1500,0.011730
33.900005,1500,0.011730
33.912498,1500,0.011730
33.924999,1500,-0.037146
33.937503,1500,0.011730
33.950004,1500,0.011730
33.962505,1500,0.011730
33.975002,1500,0.011730
33.987503,1500,0.011730
34.000003,1500,0.011730
34.012500,1500,0.011730
34.025005,1500,0.011730
34.037502,1500,0.011730
34.050014,1500,0.011730
34.062503,1500,0.011730
34.075004,1500,0.011730
34.087501,1500,0.011730
34.100002,1500,0.011730
34.112499,1500,0.011730
34.125000,1500,-0.037146
34.137500,1500,0.011730
34.150001,1500,0.011730
34.162498,1500,0.011730
34.174999,1500,0.011730
34.187503,1500,0.011730
34.200000,1500,0.060606
34.212505,1500,0.011730
34.224998,1500,0.011730
34.237499,1500,0.011730
34.250003,1500,0.011730
34.262504,1500,0.011730
34.275005,1500,0.011730
34.287502,1500,0.011730
34.300003,1500,0.011730
34.312500,1500,-0.037146
34.325000,1500,0.011730
34.337505,1500,0.011730
34.349998,1500,0.011730
34.362499,1500,-0.037146
34.375000,1500,-0.037146
34.387500,1900,0.011730
34.400009,1900,-0.037146
34.412498,1900,0.011730
34.425003,1900,-0.037146
34.437507,1900,0.011730
34.450000,1900,0.011730
34.462505,1900,0.011730
34.475002,1900,0.011730
34.487499,1900,-0.037146
34.500000,1900,-6.293255
34.512504,1500,-0.574779
34.525001,1500,-0.281525
34.537502,1500,-0.037146
34.549999,1500,0.011730
34.562500,1500,-0.086021
34.575000,1500,-0.037146
34.587501,1500,-0.037146
34.600002,1500,0.011730
34.612499,1500,0.011730
34.625003,1500,-0.086021
34.637504,1500,0.011730
34.650005,1500,-0.037146
34.662498,1500,-0.037146
34.674999,1500,-0.037146
34.687500,1500,0.011730
34.700004,1500,0.011730
34.712505,1500,0.011730
34.724998,1500,-0.086021
34.737503,1500,0.011730
34.750000,1500,0.011730
34.762500,1500,-0.037146
34.775001,1500,-0.037146
34.787502,1500,-0.037146
34.800003,1500,0.011730
34.812500,1500,0.011730
34.825000,1500,-0.037146
34.837505,1500,0.011730
34.850002,1500,-0.037146
34.862503,1500,0.011730
34.875003,1500,0.011730
34.887500,1500,0.011730
34.900005,1500,-0.037146
34.912498,1500,0.011730
34.924999,1500,0.011730
34.937500,1500,0.011730
34.950000,1500,-0.037146
34.962501,1500,-0.037146
34.975002,1500,0.011730
34.987503,1500,0.011730
35.000003,1500,-0.037146
35.012500,1500,-0.037146
35.025001,1500,-0.037146
35.037498,1500,-0.037146
35.050003,1500,-0.037146
35.062503,1500,-0.037146
35.075000,1500,-0.037146
35.087501,1500,-0.037146
35.099998,1500,-0.037146
35.112503,1500,-0.037146
35.125003,1500,0.011730
35.137504,1500,-0.037146
35.150001,1500,0.011730
35.162498,1500,-0.037146
35.174999,1500,0.011730
35.187503,1500,-0.037146
35.200004,1500,0.011730
35.212501,1500,0.011730
35.224998,1500,0.011730
35.237503,1500,-0.037146
35.250003,1500,-0.037146
35.262504,1500,0.011730
35.275005,1500,-0.037146
35.287498,1500,-0.037146
35.299999,1500,0.011730
35.312500,1500,-0.037146
35.325004,1500,-0.037146
35.337505,1500,-0.037146
35.349998,1500,-0.037146
35.362503,1500,-0.037146
35.375000,1500,-0.037146
35.387508,1500,-0.037146
35.400005,1500,0.011730
35.412498,1500,0.011730
35.425003,1500,-0.037146
35.437500,1500,0.011730
35.450000,1500,-0.037146
35.462501,1500,0.011730
35.475002,1500,-0.037146
35.487499,1500,0.060606
35.500000,1500,-0.037146
