0.012504,1600,0.002444
0.025004,1600,0.002444
0.037504,1600,0.002444
0.050000,1600,-0.046432
0.062504,1600,0.002444
0.075004,1600,0.002444
0.087504,1600,0.002444
0.100004,1600,0.002444
0.112504,1600,0.051320
0.125004,1600,-0.046432
0.137504,1600,0.002444
0.150000,1600,-0.388563
0.162504,1600,-0.290811
0.175004,1600,-0.193059
0.187508,1600,-0.193059
0.200004,1600,-0.193059
0.212500,1600,-0.144184
0.225000,1600,-0.095308
0.237500,1600,-0.193059
0.250004,1600,-0.193059
0.262500,1600,-0.046432
0.275004,1600,-0.095308
0.287500,1600,-0.486314
0.300000,1600,-0.290811
0.312500,1600,-0.437439
0.325000,1600,-0.486314
0.337504,1600,-0.486314
0.350000,1600,-0.535190
0.362504,1600,-0.437439
0.375004,1600,-0.388563
0.387504,1600,-0.437439
0.400000,1600,-0.437439
0.412500,1600,-0.535190
0.425000,1600,-0.486314
0.437504,1600,-0.339687
0.450004,1600,-0.339687
0.462508,1600,-0.388563
0.475000,1600,-0.486314
0.487500,1600,-0.388563
0.500004,1600,-0.388563
0.512504,1600,-0.290811
0.525000,1600,-0.339687
0.537504,1600,-0.388563
0.550004,1600,-0.339687
0.562508,1600,-0.388563
0.575004,1600,-0.486314
0.587500,1600,-0.486314
0.600000,1600,-0.339687
0.612504,1600,-0.339687
0.625000,1600,-0.290811
0.637504,1600,-0.388563
0.650000,1600,-0.437439
0.662504,1600,-0.388563
0.675000,1600,-0.290811
0.687504,1600,-0.339687
0.700000,1600,-0.437439
0.712504,1600,-0.339687
0.725004,1600,-0.388563
0.737500,1600,-0.535190
0.750004,1600,-0.486314
0.762504,1600,-0.535190
0.775004,1600,-0.535190
0.787500,1600,-0.437439
0.800004,1600,-0.486314
0.812504,1600,-0.388563
0.825000,1600,-0.437439
0.837500,1600,-0.535190
0.850004,1600,-0.486314
0.862504,1600,-0.486314
0.875000,1600,-0.339687
0.887500,1600,-0.437439
0.900000,1600,-0.486314
0.912504,1600,-0.388563
0.925004,1600,-0.486314
0.937500,1600,-0.584066
0.950000,1600,-0.584066
0.962504,1600,-0.535190
0.975000,1600,-0.339687
0.987500,1600,-0.437439
1.000000,1600,-0.535190
1.012504,1600,-0.437439
1.025000,1600,-0.486314
1.037504,1600,-0.535190
1.050004,1600,-0.584066
1.062504,1600,-0.535190
1.075004,1600,-0.339687
1.087500,1600,-0.388563
1.100000,1600,-0.437439
1.112504,1600,-0.388563
1.125004,1600,-0.388563
1.137500,1600,-0.486314
1.150000,1600,-0.486314
1.162500,1600,-0.486314
1.175000,1600,-0.486314
1.187500,1600,-0.437439
1.200000,1600,-0.339687
1.212504,1600,-0.388563
1.225000,1600,-0.388563
1.237504,1600,-0.437439
1.250000,1600,-0.486314
1.262508,1600,-0.535190
1.275000,1600,-0.584066
1.287500,1600,-0.486314
1.300004,1600,-0.388563
1.312504,1600,-0.388563
1.325000,1600,-0.437439
1.337504,1600,-0.486314
1.350004,1600,-0.437439
1.362500,1600,-0.437439
1.375004,1600,-0.584066
1.387504,1600,-0.584066
1.400004,1600,-0.584066
1.412504,1600,-0.339687
1.425000,1600,-0.388563
1.437504,1600,-0.486314
1.450004,1600,-0.437439
1.462500,1600,-0.486314
1.475000,1600,-0.584066
1.487500,1600,-0.486314
1.500004,1600,-0.535190
1.512504,1600,-0.290811
1.525008,1600,-0.437439
1.537500,1600,-0.437439
1.550004,1600,-0.388563
1.562504,1600,-0.437439
1.575000,1600,-0.486314
1.587500,1600,-0.486314
1.600004,1600,-0.486314
1.612500,1600,-0.486314
1.625004,1600,-0.388563
1.637504,1600,-0.437439
1.650000,1600,-0.339687
1.662500,1600,-0.339687
1.675000,1600,-0.388563
1.687500,1600,-0.388563
1.700004,1600,-0.437439
1.712500,1600,-0.437439
1.725000,1600,-0.437439
1.737504,1600,-0.339687
1.750004,1600,-0.339687
1.762500,1600,-0.339687
1.775008,1600,-0.388563
1.787504,1600,-0.388563
1.800000,1600,-0.388563
1.812500,1600,-0.486314
1.825004,1600,-0.437439
1.837500,1600,-0.437439
1.850004,1600,-0.290811
1.862500,1600,-0.339687
1.875000,1600,-0.437439
1.887500,1600,-0.437439
1.900004,1600,-0.388563
1.912504,1600,-0.486314
1.925000,1600,-0.486314
1.937500,1600,-0.437439
1.950000,1600,-0.388563
1.962500,1600,-0.388563
1.975000,1600,-0.437439
1.987504,1600,-0.388563
2.000008,1600,-0.388563
2.012500,1500,-0.584066
2.025004,1500,-0.535190
2.037500,1500,0.002444
2.050000,1500,0.002444
2.062504,1500,0.051320
2.075004,1500,0.002444
2.087504,1500,0.002444
2.100000,1500,0.002444
2.112504,1500,0.051320
2.125004,1500,0.002444
2.137500,1500,0.051320
2.150004,1500,0.002444
2.162500,1500,0.051320
2.175004,1500,0.051320
2.187500,1500,0.002444
2.200004,1500,-0.046432
2.212500,1500,0.002444
2.225000,1500,0.002444
2.237504,1500,0.002444
2.250004,1500,0.002444
2.262504,1500,0.002444
2.275000,1500,0.002444
2.287504,1500,0.002444
2.300004,1500,-0.046432
2.312500,1500,0.002444
2.325000,1500,0.002444
2.337500,1500,0.002444
2.350004,1500,0.002444
2.362500,1500,0.002444
2.375004,1500,0.002444
2.387500,1500,0.002444
2.400004,1500,-0.046432
2.412500,1500,0.002444
2.425004,1500,0.002444
2.437500,1500,-0.046432
2.450004,1500,0.002444
2.462500,1500,0.051320
2.475004,1500,0.002444
2.487500,1500,0.002444
2.500004,1500,-0.046432
2.512500,1500,0.002444
2.525004,1500,0.002444
2.537500,1500,0.002444
2.550004,1500,-0.046432
2.562500,1500,0.002444
2.575004,1500,0.051320
2.587500,1500,0.002444
2.600000,1500,0.002444
2.612500,1500,0.002444
2.625000,1500,0.002444
2.637500,1500,0.002444
2.650004,1500,0.002444
2.662500,1500,0.002444
2.675004,1500,0.002444
2.687500,1500,0.051320
2.700004,1500,0.002444
2.712500,1500,0.002444
2.725004,1500,0.002444
2.737500,1500,0.002444
2.750004,1500,0.002444
2.762504,1500,-0.046432
2.775004,1500,0.002444
2.787500,1500,-0.046432
2.800000,1500,0.002444
2.812500,1500,0.002444
2.825004,1500,0.002444
2.837500,1500,-0.046432
2.850000,1500,0.002444
2.862500,1500,0.002444
2.875004,1500,-0.046432
2.887500,1500,0.051320
2.900004,1500,0.002444
2.912500,1500,0.002444
2.925000,1500,0.002444
2.937500,1500,0.002444
2.950004,1500,0.002444
2.962504,1500,0.002444
2.975004,1500,0.002444
2.987500,1500,0.002444
3.000004,1500,0.051320
3.012504,1600,-0.046432
3.025000,1600,0.002444
3.037508,1600,0.002444
3.050000,1600,0.002444
3.062504,1600,0.002444
3.075004,1600,0.002444
3.087500,1600,0.002444
3.100004,1600,0.002444
3.112504,1600,0.002444
3.125004,1600,-1.708212
3.137500,1600,-0.388563
3.150000,1600,-0.339687
3.162500,1600,-0.339687
3.175000,1600,-0.193059
3.187504,1600,-0.144184
3.200004,1600,-0.144184
3.212504,1600,-0.144184
3.225004,1600,-0.095308
3.237504,1600,-0.535190
3.250000,1600,0.002444
3.262500,1600,-0.046432
3.275004,1600,-0.339687
3.287504,1600,-0.681818
3.300000,1600,-0.730693
3.312500,1600,-0.632942
3.325004,1600,-0.535190
3.337500,1600,-0.486314
3.350000,1600,-0.437439
3.362504,1600,-0.535190
3.375000,1600,-0.584066
3.387508,1600,-0.339687
3.400008,1600,-0.535190
3.412504,1600,-0.437439
3.425004,1600,-0.486314
3.437500,1600,-0.535190
3.450000,1600,-0.535190
3.462500,1600,-0.339687
3.475000,1600,-0.339687
3.487504,1600,-0.388563
3.500000,1600,-0.486314
3.512504,1600,-0.437439
3.525004,1600,-0.535190
3.537500,1600,-0.584066
3.550004,1600,-0.584066
3.562504,1600,-0.486314
3.575004,1600,-0.388563
3.587504,1600,-0.388563
3.600000,1600,-0.486314
3.612508,1600,-0.437439
3.625004,1600,-0.437439
3.637500,1600,-0.486314
3.650000,1600,-0.486314
3.662508,1600,-0.290811
3.675004,1600,-0.388563
3.687504,1600,-0.388563
3.700000,1600,-0.437439
3.712500,1600,-0.339687
3.725004,1600,-0.486314
3.737500,1600,-0.535190
3.750004,1600,-0.486314
3.762504,1600,-0.437439
3.775000,1600,-0.437439
3.787504,1600,-0.241935
3.800004,1600,-0.388563
3.812500,1600,-0.290811
3.825004,1600,-0.339687
3.837504,1600,-0.437439
3.850000,1600,-0.339687
3.862508,1600,-0.437439
3.875000,1600,-0.486314
3.887504,1600,-0.486314
3.900000,1600,-0.388563
3.912504,1600,-0.290811
3.925000,1600,-0.290811
3.937504,1600,-0.486314
3.950004,1600,-0.290811
3.962500,1600,-0.241935
3.975000,1600,-0.388563
3.987500,1600,-0.339687
4.000004,1600,-0.339687
4.012500,1500,-0.388563
4.025000,1500,-0.388563
4.037500,1500,0.002444
4.050000,1500,0.002444
4.062504,1500,0.051320
4.075004,1500,0.002444
4.087504,1500,0.002444
4.100000,1500,0.002444
4.112500,1500,0.002444
4.125000,1500,0.051320
4.137500,1500,0.002444
4.150004,1500,0.002444
4.162500,1500,0.002444
4.175004,1500,0.002444
4.187504,1500,-0.046432
4.200004,1500,0.002444
4.212500,1500,0.002444
4.225000,1500,0.002444
4.237500,1500,0.002444
4.250004,1500,0.002444
4.262504,1500,0.002444
4.275004,1500,-0.046432
4.287504,1500,0.002444
4.300004,1500,0.002444
4.312500,1500,0.051320
4.325004,1500,0.002444
4.337504,1500,0.002444
4.350004,1500,-0.046432
4.362500,1500,0.051320
4.375004,1500,0.002444
4.387500,1500,0.051320
4.400004,1500,0.002444
4.412500,1500,0.002444
4.425000,1500,0.002444
4.437504,1500,0.002444
4.450000,1500,0.002444
4.462500,1500,0.051320
4.475004,1500,0.002444
4.487500,1500,0.002444
4.500004,1500,0.002444
4.512504,1500,0.002444
4.525004,1500,0.002444
4.537500,1500,0.002444
4.550004,1500,0.002444
4.562500,1500,0.002444
4.575000,1500,0.002444
4.587504,1500,0.051320
4.600000,1500,0.002444
4.612500,1500,0.002444
4.625000,1500,0.002444
4.637504,1500,0.002444
4.650004,1500,-0.046432
4.662500,1500,-0.046432
4.675004,1500,0.002444
4.687500,1500,0.002444
4.700004,1500,0.002444
4.712500,1500,0.051320
4.725004,1500,0.002444
4.737500,1500,0.002444
4.750004,1500,-0.046432
4.762500,1500,0.002444
4.775004,1500,0.002444
4.787500,1500,-0.046432
4.800000,1500,0.002444
4.812504,1500,0.002444
4.825004,1500,0.002444
4.837500,1500,0.002444
4.850004,1500,0.002444
4.862504,1500,0.002444
4.875000,1500,0.002444
4.887500,1500,0.002444
4.900004,1500,0.002444
4.912500,1500,0.002444
4.925004,1500,0.002444
4.937500,1500,0.002444
4.950004,1500,0.002444
4.962504,1500,0.002444
4.975000,1500,0.002444
4.987500,1500,0.002444
5.000000,1500,0.002444
5.012500,1600,-0.046432
5.025004,1600,0.002444
5.037504,1600,0.002444
5.050004,1600,-0.046432
5.062504,1600,0.002444
5.075000,1600,-0.046432
5.087508,1600,0.002444
5.100004,1600,0.002444
5.112500,1600,0.051320
5.125008,1600,0.002444
5.137500,1600,-1.512709
5.150004,1600,-0.437439
5.162504,1600,-0.290811
5.175004,1600,-0.290811
5.187500,1600,-0.144184
5.200004,1600,-0.046432
5.212504,1600,-0.095308
5.225008,1600,-0.095308
5.237500,1600,-0.193059
5.250000,1600,-0.193059
5.262500,1600,-0.046432
5.275004,1600,-0.095308
5.287500,1600,-0.486314
5.300004,1600,-0.339687
5.312504,1600,-0.926199
5.325000,1600,-0.584066
5.337508,1600,-0.632942
5.350004,1600,-0.632942
5.362504,1600,-0.535190
5.375004,1600,-0.535190
5.387508,1600,-0.388563
5.400000,1600,-0.437439
5.412500,1600,-0.535190
5.425000,1600,-0.486314
5.437504,1600,-0.388563
5.450004,1600,-0.388563
5.462504,1600,-0.388563
5.475004,1600,-0.437439
5.487500,1600,-0.388563
5.500004,1600,-0.486314
5.512500,1500,-0.535190
5.525000,1500,-0.535190
5.537500,1500,0.051320
5.550004,1500,0.002444
5.562504,1500,0.002444
5.575000,1500,0.002444
5.587504,1500,-0.046432
5.600004,1500,0.051320
5.612500,1500,-0.046432
5.625000,1500,-0.046432
5.637500,1500,0.002444
5.650004,1500,0.051320
5.662504,1500,0.002444
5.675004,1500,-0.046432
5.687504,1500,0.002444
5.700000,1500,0.002444
5.712504,1500,0.002444
5.725004,1500,0.002444
5.737504,1500,0.002444
5.750004,1500,0.002444
5.762504,1500,0.002444
5.775000,1500,0.002444
5.787504,1500,-0.046432
5.800000,1500,0.002444
5.812500,1500,0.002444
5.825004,1500,0.002444
5.837500,1500,0.051320
5.850004,1500,0.002444
5.862500,1500,-0.046432
5.875004,1500,0.051320
5.887504,1500,0.002444
5.900000,1500,0.002444
5.912500,1500,0.002444
5.925004,1500,0.002444
5.937504,1500,0.002444
5.950000,1500,0.002444
5.962500,1500,0.002444
5.975004,1500,0.002444
5.987500,1500,0.002444
6.000004,1500,0.002444
6.012500,1500,0.002444
6.025004,1500,0.002444
6.037500,1500,-0.046432
6.050004,1500,0.002444
6.062500,1500,0.002444
6.075000,1500,0.002444
6.087500,1500,0.002444
6.100000,1500,0.002444
6.112504,1500,0.002444
6.125004,1500,0.002444
6.137500,1500,0.002444
6.150004,1500,0.002444
6.162500,1500,0.051320
6.175004,1500,0.002444
6.187500,1500,0.002444
6.200004,1500,0.002444
6.212500,1500,0.002444
6.225000,1500,0.051320
6.237504,1500,0.002444
6.250004,1500,0.002444
6.262504,1500,0.002444
6.275004,1500,0.002444
6.287500,1500,0.002444
6.300000,1500,0.002444
6.312504,1500,0.002444
6.325004,1500,0.051320
6.337504,1500,0.002444
6.350004,1500,0.051320
6.362500,1500,0.002444
6.375004,1500,0.002444
6.387500,1500,0.002444
6.400000,1500,0.002444
6.412500,1500,0.002444
6.425000,1500,0.002444
6.437504,1500,0.002444
6.450000,1500,0.002444
6.462500,1500,0.002444
6.475004,1500,0.002444
6.487500,1500,0.002444
6.500004,1500,0.002444
6.512504,1600,0.002444
6.525004,1600,0.002444
6.537500,1600,0.002444
6.550000,1600,0.002444
6.562500,1600,0.002444
6.575000,1600,0.002444
6.587508,1600,0.002444
6.600000,1600,0.051320
6.612500,1600,0.002444
6.625000,1600,0.002444
6.637504,1600,-1.610460
6.650000,1600,-0.290811
6.662504,1600,-0.339687
6.675004,1600,-0.241935
6.687504,1600,-0.144184
6.700000,1600,-0.144184
6.712504,1600,-0.144184
6.725004,1600,-0.095308
6.737504,1600,-0.095308
6.750004,1600,-0.046432
6.762500,1500,-0.095308
6.775000,1500,0.002444
6.787500,1500,0.002444
6.800004,1500,0.002444
6.812500,1500,0.002444
6.825004,1500,0.002444
6.837504,1500,0.002444
6.850000,1500,0.002444
6.862500,1500,-0.046432
6.875000,1500,0.002444
6.887500,1500,0.002444
6.900000,1500,0.002444
6.912500,1500,-0.046432
6.925000,1500,-0.046432
6.937500,1500,-0.046432
6.950004,1500,0.002444
6.962504,1500,-0.046432
6.975000,1500,-0.046432
6.987504,1500,0.002444
7.000004,1500,0.002444
7.012500,1500,0.002444
7.025004,1500,-0.095308
7.037500,1500,0.002444
7.050000,1500,0.002444
7.062504,1500,0.002444
7.075004,1500,-0.046432
7.087504,1500,-0.046432
7.100000,1500,0.002444
7.112504,1500,-0.046432
7.125000,1500,0.002444
7.137504,1500,-0.046432
7.150004,1500,0.002444
7.162500,1500,-0.046432
7.175000,1500,-0.046432
7.187500,1500,-0.046432
7.200000,1500,-0.046432
7.212504,1500,-0.046432
7.225000,1500,0.002444
7.237504,1500,0.002444
7.250004,1500,-0.046432
7.262500,1500,-0.046432
7.275000,1500,-0.046432
7.287504,1500,-0.046432
7.300000,1500,-0.046432
7.312504,1500,0.002444
7.325004,1500,-0.046432
7.337504,1500,0.002444
7.350004,1500,-0.046432
7.362500,1500,-0.046432
7.375000,1500,0.002444
7.387504,1500,0.051320
7.400000,1500,0.002444
7.412500,1500,0.002444
7.425000,1500,0.002444
7.437504,1500,0.002444
7.450000,1500,0.002444
7.462500,1500,0.002444
7.475004,1500,0.002444
7.487500,1500,0.002444
7.500000,1500,0.002444
7.512500,1500,0.002444
7.525000,1500,0.051320
7.537504,1500,-0.046432
7.550004,1500,0.051320
7.562500,1500,0.002444
7.575004,1500,0.002444
7.587500,1500,0.002444
7.600000,1500,0.002444
7.612500,1500,0.002444
7.625000,1500,-0.046432
7.637504,1500,0.002444
7.650000,1500,0.051320
7.662500,1500,0.002444
7.675004,1500,0.002444
7.687504,1500,0.002444
7.700000,1500,0.002444
7.712500,1500,0.002444
7.725000,1500,0.002444
7.737504,1500,-0.046432
7.750004,1500,0.002444
7.762504,1600,0.002444
7.775000,1600,0.002444
7.787504,1600,0.002444
7.800000,1600,0.002444
7.812500,1600,0.002444
7.825000,1600,0.002444
7.837504,1600,0.002444
7.850000,1600,0.002444
7.862500,1600,-0.046432
7.875004,1600,-1.561584
7.887500,1500,-0.388563
7.900000,1500,-0.388563
7.912500,1500,-0.046432
7.925004,1500,0.002444
7.937500,1500,-0.046432
7.950004,1500,0.002444
7.962500,1500,-0.046432
7.975000,1500,-0.046432
7.987504,1500,-0.046432
8.000004,1500,-0.046432
8.012500,1500,-0.046432
8.025005,1500,-0.046432
8.037505,1500,-0.046432
8.050001,1500,0.002444
8.062500,1500,0.002444
8.075004,1500,-0.046432
8.087505,1500,-0.046432
8.100005,1500,0.002444
8.112501,1500,0.002444
8.125000,1500,0.002444
8.137500,1500,0.002444
8.150005,1500,-0.046432
8.162505,1500,0.002444
8.175001,1500,-0.046432
8.187504,1500,0.002444
8.200000,1500,-0.046432
8.212500,1500,0.002444
8.225001,1500,-0.046432
8.237501,1500,0.002444
8.250000,1500,0.002444
8.262500,1500,-0.046432
8.275005,1500,0.002444
8.287501,1500,-0.046432
8.300004,1500,-0.046432
8.312500,1500,-0.046432
8.325004,1500,-0.046432
8.337505,1500,0.002444
8.350001,1500,0.002444
8.362501,1500,0.002444
8.375004,1500,-0.046432
8.387500,1500,0.002444
8.400005,1500,-0.046432
8.412505,1500,0.002444
8.425004,1500,-0.046432
8.437500,1500,-0.095308
8.450004,1500,-0.046432
8.462505,1500,-0.046432
8.475001,1500,-0.046432
8.487501,1500,-0.046432
8.500004,1500,-0.046432
8.512504,1500,-0.046432
8.525005,1500,-0.046432
8.537501,1500,-0.046432
8.550001,1500,-0.046432
8.562500,1500,-0.046432
8.575004,1500,0.002444
8.587505,1500,0.002444
8.600001,1500,0.002444
8.612504,1500,0.002444
8.625004,1500,0.002444
8.637504,1500,-0.046432
8.650000,1500,0.002444
8.662505,1500,0.002444
8.675001,1500,0.002444
8.687500,1500,-0.046432
8.700004,1500,-0.046432
8.712505,1500,0.002444
8.725005,1500,0.002444
8.737501,1500,-0.046432
8.750004,1500,-0.046432
8.762504,1500,0.002444
8.775005,1500,-0.046432
8.787501,1500,0.002444
8.800001,1500,-0.046432
8.812500,1500,-0.046432
8.825004,1500,-0.046432
8.837500,1500,-0.046432
8.850001,1500,0.002444
8.862504,1500,-0.046432
8.875000,1500,-0.046432
8.887504,1700,0.002444
8.900009,1700,0.002444
8.912501,1700,0.051320
8.925004,1700,0.002444
8.937504,1700,0.051320
8.950000,1700,0.002444
8.962500,1700,0.051320
8.975005,1700,0.002444
8.987504,1700,0.002444
9.000000,1700,0.002444
9.012504,1700,0.002444
9.025005,1700,0.002444
9.037501,1700,0.002444
9.050004,1700,0.002444
9.062500,1700,0.002444
9.075000,1700,0.002444
9.087505,1700,0.002444
9.100005,1700,-0.046432
9.112504,1700,-0.339687
9.125004,1700,-0.388563
9.137504,1700,0.100195
9.150005,1700,-0.241935
9.162505,1700,-0.144184
9.175001,1700,-0.095308
9.187500,1700,-0.535190
9.200004,1700,-0.535190
9.212505,1700,-0.046432
9.225005,1700,-0.046432
9.237501,1700,-0.046432
9.250000,1700,-0.388563
9.262504,1700,-0.388563
9.275005,1700,-0.681818
9.287505,1700,-2.050343
9.300001,1700,-1.414957
9.312500,1700,-1.952591
9.325004,1700,-2.001467
9.337509,1700,-2.539101
9.350001,1700,-2.294722
9.362504,1700,-2.441349
9.375000,1700,-2.196970
9.387504,1700,-2.441349
9.400005,1700,-2.294722
9.412501,1700,-2.099218
9.425001,1700,-2.441349
9.437504,1700,-1.805963
9.450000,1700,-2.099218
9.462505,1700,-2.245846
9.475005,1700,-2.196970
9.487501,1700,-1.952591
9.500000,1700,-2.099218
9.512500,1700,-2.050343
9.525005,1700,-2.196970
9.537505,1700,-1.512709
9.550004,1700,-2.196970
9.562500,1700,-1.952591
9.575004,1700,-2.099218
9.587500,1700,-2.001467
9.600005,1700,-1.463833
9.612501,1700,-1.854839
9.625000,1700,-1.903715
9.637504,1700,-2.343597
9.650000,1700,-2.050343
9.662505,1700,-1.219454
9.675004,1700,-1.952591
9.687500,1700,-2.099218
9.700009,1700,-2.148094
9.712500,1700,-1.610460
9.725001,1700,-1.903715
9.737501,1700,-2.099218
9.750004,1700,-2.050343
9.762500,1700,-2.001467
9.775005,1700,-2.001467
9.787512,1700,-2.294722
9.800004,1700,-1.952591
9.812508,1700,-2.099218
9.825004,1700,-1.757088
9.837500,1700,-2.099218
9.850005,1700,-1.903715
9.862504,1700,-2.050343
9.875000,1700,-1.952591
9.887500,1700,-1.317205
9.900005,1700,-1.854839
9.912501,1700,-1.952591
9.925001,1700,-2.196970
9.937504,1700,-1.708212
9.950004,1700,-1.952591
9.962500,1700,-2.001467
9.975005,1700,-2.148094
9.987501,1700,-2.148094
10.000000,1700,-1.121702
10.012500,1700,-1.952591
10.025005,1700,-2.148094
10.037505,1700,-2.099218
10.050004,1700,-1.903715
10.062504,1700,-2.050343
10.075000,1700,-2.343597
10.087500,1700,-2.196970
10.100001,1700,-2.099218
10.112508,1700,-1.268330
10.125000,1700,-2.343597
10.137500,1700,-2.196970
10.150009,1700,-2.050343
10.162505,1700,-1.219454
10.175001,1700,-2.392473
10.187500,1700,-2.196970
10.200000,1700,-2.343597
10.212505,1700,-2.050343
10.225005,1700,-2.294722
10.237501,1700,-2.148094
10.250000,1700,-2.148094
10.262500,1700,-2.294722
10.275000,1700,-1.952591
10.287501,1700,-2.148094
10.300004,1700,-2.196970
10.312500,1700,-2.490225
10.325000,1700,-2.245846
10.337500,1700,-1.708212
10.350005,1700,-2.148094
10.362501,1700,-2.441349
10.375000,1700,-2.294722
10.387500,1700,-2.245846
10.400005,1700,-1.512709
10.412505,1700,-2.343597
10.425008,1700,-2.245846
10.437504,1700,-2.343597
10.450004,1700,-2.001467
10.462500,1700,-1.659336
10.475001,1700,-2.050343
10.487501,1700,-2.148094
10.500004,1700,-2.490225
10.512500,1700,-2.196970
10.525000,1700,-2.050343
10.537501,1700,-2.099218
10.550001,1700,-2.245846
10.562504,1700,-2.196970
10.575004,1700,-2.196970
10.587505,1700,-2.490225
10.600005,1700,-2.148094
10.612504,1700,-1.610460
10.625000,1700,-2.099218
10.637504,1700,-2.343597
10.650005,1700,-2.099218
10.662505,1700,-2.294722
10.675004,1700,-2.294722
10.687504,1700,-1.903715
10.700000,1700,-1.317205
10.712500,1700,-1.952591
10.725001,1700,-2.050343
10.737501,1700,-2.001467
10.750004,1700,-2.099218
10.762504,1700,-1.952591
10.775005,1700,-1.366081
10.787501,1700,-1.854839
10.800001,1700,-1.854839
10.812500,1700,-2.050343
10.825004,1700,-2.099218
10.837505,1700,-2.050343
10.850005,1700,-1.561584
10.862504,1700,-2.148094
10.875004,1700,-1.903715
10.887504,1500,-2.001467
10.900005,1500,-2.099218
10.912505,1500,0.100195
10.925001,1500,0.051320
10.937504,1500,-0.046432
10.950000,1500,0.002444
10.962505,1500,0.002444
10.975005,1500,0.002444
10.987504,1500,0.002444
11.000004,1500,0.002444
11.012500,1500,0.002444
11.025000,1500,0.002444
11.037501,1500,-0.046432
11.050004,1500,0.002444
11.062504,1500,0.002444
11.075000,1500,0.002444
11.087500,1500,0.051320
11.100005,1500,-0.046432
11.112504,1500,-0.046432
11.125000,1500,0.002444
11.137500,1500,0.002444
11.150005,1500,0.051320
11.162501,1500,0.002444
11.175001,1500,-0.046432
11.187504,1500,0.002444
11.200000,1500,0.002444
11.212505,1500,0.002444
11.225005,1500,0.002444
11.237501,1500,0.002444
11.250000,1500,0.002444
11.262504,1500,0.002444
11.275000,1500,0.002444
11.287501,1500,0.002444
11.300001,1500,-0.046432
11.312500,1500,-0.046432
11.325000,1500,0.002444
11.337500,1500,0.002444
11.350001,1500,-0.046432
11.362504,1500,0.002444
11.375000,1500,0.002444
11.387500,1500,0.002444
11.400005,1500,0.002444
11.412501,1500,0.002444
11.425004,1500,0.002444
11.437504,1500,0.002444
11.450004,1500,0.002444
11.462500,1500,0.002444
11.475001,1500,0.002444
11.487504,1500,0.002444
11.500000,1500,0.002444
11.512504,1500,-0.046432
11.525005,1500,0.002444
11.537501,1500,0.051320
11.550001,1500,0.002444
11.562504,1500,0.002444
11.575004,1500,0.002444
11.587505,1500,0.002444
11.600001,1500,0.002444
11.612504,1500,-0.046432
11.625004,1500,0.002444
11.637504,1500,0.002444
11.650000,1500,0.002444
11.662501,1500,0.002444
11.675001,1500,0.002444
11.687500,1500,0.002444
11.700000,1500,0.002444
11.712505,1500,0.002444
11.725001,1500,0.002444
11.737501,1500,0.002444
11.750000,1500,0.002444
11.762504,1500,-0.046432
11.775000,1500,0.002444
11.787501,1500,0.002444
11.800001,1500,0.002444
11.812504,1500,0.002444
11.825000,1500,0.002444
11.837500,1500,0.002444
11.850001,1500,0.002444
11.862504,1500,0.051320
11.875004,1500,0.002444
11.887504,1700,0.002444
11.900000,1700,0.051320
11.912505,1700,0.051320
11.925008,1700,0.002444
11.937504,1700,0.002444
11.950004,1700,0.002444
11.962500,1700,0.051320
11.975001,1700,0.002444
11.987501,1700,0.002444
12.000004,1700,0.002444
12.012500,1700,-4.787390
12.025000,1700,-4.934018
12.037505,1700,-0.437439
12.050004,1700,-0.388563
12.062500,1700,-0.241935
12.075004,1700,-0.144184
12.087505,1700,-0.193059
12.100001,1700,-0.095308
12.112504,1700,-0.144184
12.125000,1700,-0.095308
12.137504,1700,-0.144184
12.150000,1700,-0.046432
12.162505,1700,-0.046432
12.175004,1700,-0.437439
12.187504,1700,-0.290811
12.200004,1700,-0.632942
12.212500,1700,-1.512709
12.225001,1700,-1.366081
12.237504,1700,-1.854839
12.250004,1700,-2.539101
12.262509,1700,-2.294722
12.275005,1700,-2.441349
12.287501,1700,-2.196970
12.300004,1700,-2.148094
12.312504,1700,-2.294722
12.325000,1700,-2.148094
12.337505,1700,-2.196970
12.350001,1700,-2.001467
12.362504,1700,-2.343597
12.375004,1700,-1.463833
12.387504,1700,-2.343597
12.400000,1700,-2.099218
12.412505,1700,-2.196970
12.425001,1700,-1.903715
12.437500,1700,-1.561584
12.450000,1700,-1.854839
12.462505,1700,-1.854839
12.475005,1700,-2.196970
12.487501,1700,-2.001467
12.500000,1700,-2.001467
12.512500,1700,-1.512709
12.525000,1700,-2.050343
12.537501,1700,-1.854839
12.550004,1700,-2.001467
12.562500,1700,-2.148094
12.575000,1700,-1.952591
12.587505,1700,-1.805963
12.600001,1700,-1.903715
12.612508,1700,-2.050343
12.625004,1700,-2.050343
12.637504,1700,-1.952591
12.650005,1700,-2.050343
12.662505,1700,-1.512709
12.675001,1700,-1.854839
12.687504,1700,-1.903715
12.700000,1700,-2.245846
12.712505,1700,-2.001467
12.725005,1700,-1.903715
12.737501,1700,-1.952591
12.750008,1700,-2.050343
12.762500,1700,-2.001467
12.775000,1700,-2.245846
12.787501,1700,-2.099218
12.800001,1700,-1.805963
12.812504,1700,-2.001467
12.825000,1700,-2.050343
12.837500,1700,-2.294722
12.850001,1700,-2.099218
12.862501,1700,-2.099218
12.875000,1700,-2.196970
12.887500,1500,-2.294722
12.900000,1500,-1.903715
12.912505,1500,0.149071
12.925001,1500,0.100195
12.937504,1500,0.002444
12.950004,1500,0.002444
12.962500,1500,0.002444
12.975001,1500,0.002444
12.987504,1500,0.002444
13.000000,1500,0.002444
13.012504,1500,0.002444
13.025005,1500,0.002444
13.037501,1500,0.002444
13.050001,1500,0.002444
13.062500,1500,0.002444
13.075000,1500,0.002444
13.087505,1500,0.051320
13.100001,1500,0.002444
13.112504,1500,0.002444
13.125004,1500,0.051320
13.137504,1500,0.002444
13.150000,1500,0.002444
13.162501,1500,0.002444
13.175001,1500,0.051320
13.187500,1500,0.002444
13.200004,1500,0.002444
13.212500,1500,-0.046432
13.225001,1500,0.002444
13.237501,1500,0.002444
13.250000,1500,0.002444
13.262504,1500,0.002444
13.275000,1500,0.002444
13.287501,1500,0.002444
13.300001,1500,0.002444
13.312504,1500,0.002444
13.325000,1500,0.002444
13.337500,1500,0.002444
13.350008,1500,0.002444
13.362501,1500,0.002444
13.375000,1500,-0.046432
13.387504,1500,0.002444
13.400000,1500,0.002444
13.412501,1500,0.002444
13.425004,1500,0.002444
13.437504,1500,0.002444
13.450004,1500,0.002444
13.462500,1500,0.002444
13.475001,1500,-0.046432
13.487504,1500,-0.046432
13.500000,1500,0.051320
13.512500,1500,0.002444
13.525005,1500,0.002444
13.537501,1500,0.002444
13.550001,1500,-0.046432
13.562500,1500,0.002444
13.575000,1500,-0.046432
13.587505,1500,0.002444
13.600001,1500,0.002444
13.612504,1500,0.002444
13.625000,1500,0.002444
13.637500,1500,0.002444
13.650000,1500,-0.046432
13.662501,1500,-0.046432
13.675004,1500,0.002444
13.687500,1500,0.002444
13.700000,1500,0.002444
13.712500,1500,0.051320
13.725005,1500,0.002444
13.737501,1500,0.002444
13.750000,1500,-0.046432
13.762504,1500,0.002444
13.775005,1500,-0.046432
13.787501,1500,0.051320
13.800001,1500,0.002444
13.812504,1500,-0.046432
13.825004,1500,0.002444
13.837500,1500,0.002444
13.850001,1500,0.002444
13.862504,1500,0.002444
13.875004,1500,0.051320
13.887504,1700,0.002444
13.900000,1700,0.002444
13.912501,1700,0.002444
13.925001,1700,0.002444
13.937500,1700,0.002444
13.950000,1700,0.002444
13.962500,1700,0.002444
13.975001,1700,0.002444
13.987504,1700,0.002444
14.000000,1700,0.002444
14.012504,1700,-4.640763
14.025005,1700,-5.080645
14.037505,1700,-0.388563
14.050004,1700,-0.290811
14.062500,1700,-0.193059
14.075004,1700,-0.241935
14.087505,1700,-0.144184
14.100005,1700,-0.095308
14.112501,1700,-0.144184
14.125004,1700,-0.046432
14.137500,1700,-0.046432
14.150005,1700,-0.046432
14.162501,1700,-0.046432
14.175004,1700,-0.388563
14.187500,1700,-0.290811
14.200004,1700,-0.681818
14.212509,1700,-1.805963
14.225005,1700,-1.414957
14.237504,1700,-1.952591
14.250008,1700,-2.930107
14.262509,1700,-2.490225
14.275000,1700,-2.343597
14.287505,1700,-2.099218
14.300001,1700,-2.490225
14.312500,1700,-2.099218
14.325000,1700,-2.001467
14.337505,1700,-2.294722
14.350001,1700,-2.050343
14.362501,1700,-1.757088
14.375000,1700,-2.148094
14.387504,1500,-2.294722
14.400000,1500,-1.708212
14.412501,1500,0.100195
14.425001,1500,0.051320
14.437504,1500,0.002444
14.450004,1500,0.051320
14.462500,1500,0.002444
14.475001,1500,0.002444
14.487501,1500,0.002444
14.500000,1500,-0.046432
14.512504,1500,0.002444
14.525000,1500,-0.046432
14.537501,1500,0.002444
14.550001,1500,0.002444
14.562500,1500,0.002444
14.575000,1500,0.002444
14.587500,1500,0.002444
14.600001,1500,0.002444
14.612504,1500,0.002444
14.625004,1500,0.051320
14.637504,1500,0.002444
14.650005,1500,0.051320
14.662501,1500,0.002444
14.675001,1500,0.002444
14.687500,1500,0.002444
14.700000,1500,0.002444
14.712505,1500,0.002444
14.725005,1500,0.002444
14.737501,1500,-0.046432
14.750004,1500,0.002444
14.762500,1500,0.002444
14.775000,1500,0.002444
14.787501,1500,0.002444
14.800001,1500,0.002444
14.812504,1500,0.002444
14.825000,1500,0.002444
14.837500,1500,0.002444
14.850001,1500,0.002444
14.862501,1500,0.002444
14.875000,1500,0.002444
14.887504,1500,0.002444
14.900005,1500,0.002444
14.912501,1500,0.051320
14.925001,1500,0.002444
14.937500,1500,0.002444
14.950000,1500,0.002444
14.962505,1500,0.002444
14.975001,1500,0.002444
14.987501,1500,0.002444
15.000000,1500,0.002444
15.012504,1500,0.002444
15.025005,1500,0.002444
15.037501,1500,0.002444
15.050004,1500,-0.046432
15.062500,1500,-0.046432
15.075004,1500,0.051320
15.087500,1500,0.002444
15.100005,1500,0.002444
15.112504,1500,0.002444
15.125004,1500,0.002444
15.137504,1500,0.002444
15.150000,1500,0.002444
15.162505,1500,0.002444
15.175001,1500,0.002444
15.187504,1500,0.002444
15.200000,1500,0.002444
15.212505,1500,0.002444
15.225001,1500,0.002444
15.237501,1500,0.002444
15.250000,1500,0.002444
15.262504,1500,0.002444
15.275000,1500,0.002444
15.287501,1500,0.002444
15.300001,1500,0.002444
15.312500,1500,0.002444
15.325004,1500,0.002444
15.337505,1500,0.002444
15.350001,1500,0.051320
15.362504,1500,0.002444
15.375000,1500,0.002444
15.387500,1700,0.002444
15.400005,1700,0.002444
15.412505,1700,0.002444
15.425004,1700,0.002444
15.437500,1700,0.002444
15.450000,1700,0.002444
15.462500,1700,0.002444
15.475001,1700,0.002444
15.487504,1700,-0.046432
15.500004,1700,0.002444
15.512500,1700,-4.543011
15.525009,1700,-4.982893
15.537505,1700,-0.290811
15.550004,1700,-0.290811
15.562504,1700,-0.193059
15.575000,1700,-0.144184
15.587500,1700,-0.095308
15.600001,1700,-0.193059
15.612501,1700,-0.144184
15.625000,1700,-0.095308
15.637500,1500,0.002444
15.650000,1500,0.002444
15.662505,1500,-0.046432
15.675004,1500,0.002444
15.687504,1500,-0.046432
15.700000,1500,0.002444
15.712505,1500,-0.046432
15.725001,1500,0.002444
15.737501,1500,-0.046432
15.750004,1500,0.002444
15.762500,1500,-0.046432
15.775005,1500,-0.046432
15.787501,1500,0.002444
15.800001,1500,0.002444
15.812504,1500,0.002444
15.825000,1500,0.002444
15.837500,1500,0.002444
15.850001,1500,0.002444
15.862504,1500,0.002444
15.875004,1500,0.002444
15.887500,1500,0.002444
15.900000,1500,-0.046432
15.912501,1500,0.002444
15.925004,1500,0.002444
15.937504,1500,0.002444
15.950004,1500,0.002444
15.962500,1500,0.002444
15.975001,1500,0.002444
15.987501,1500,-0.046432
16.000003,1500,-0.046432
16.012504,1500,0.002444
16.025003,1500,0.002444
16.037500,1500,0.002444
16.050003,1500,0.002444
16.062503,1500,0.002444
16.075000,1500,-0.046432
16.087503,1500,0.002444
16.100000,1500,0.002444
16.112503,1500,0.002444
16.125000,1500,-0.046432
16.137504,1500,-0.046432
16.149999,1500,0.002444
16.162500,1500,-0.046432
16.175003,1500,0.002444
16.187507,1500,0.002444
16.200000,1500,0.002444
16.212503,1500,0.002444
16.225004,1500,0.002444
16.237499,1500,-0.046432
16.250003,1500,0.002444
16.262500,1500,0.002444
16.274999,1500,0.002444
16.287504,1500,0.051320
16.299999,1500,0.051320
16.312500,1500,0.002444
16.325000,1500,0.002444
16.337499,1500,0.002444
16.350000,1500,0.002444
16.362499,1500,0.002444
16.375003,1500,0.002444
16.387500,1500,0.002444
16.399999,1500,0.002444
16.412504,1500,0.002444
16.425003,1500,0.002444
16.437500,1500,0.051320
16.450000,1500,0.051320
16.462503,1500,0.051320
16.475000,1500,0.002444
16.487499,1500,0.051320
16.500003,1500,0.002444
16.512500,1500,0.051320
16.525003,1500,0.002444
16.537504,1500,0.002444
16.550003,1500,0.002444
16.562503,1500,0.002444
16.575004,1500,0.002444
16.587503,1500,0.051320
16.600004,1500,0.002444
16.612499,1500,0.002444
16.625000,1500,0.002444
16.637500,1700,0.002444
16.649999,1700,0.051320
16.662500,1700,0.002444
16.674999,1700,0.002444
16.687500,1700,-0.046432
16.700000,1700,0.002444
16.712499,1700,0.002444
16.725000,1700,0.002444
16.737499,1700,0.002444
16.750003,1700,0.002444
16.762500,1500,-5.129521
16.774999,1500,0.002444
16.787504,1500,-0.046432
16.800003,1500,-0.046432
16.812500,1500,0.002444
16.825004,1500,-0.046432
16.837499,1500,-0.046432
16.850004,1500,0.002444
16.862503,1500,0.002444
16.875000,1500,0.002444
16.887504,1500,0.002444
16.900003,1500,0.002444
16.912500,1500,-0.046432
16.924999,1500,-0.046432
16.937500,1500,-0.046432
16.950004,1500,-0.046432
16.962503,1500,-0.046432
16.975000,1500,-0.046432
16.987503,1500,-0.046432
17.000003,1500,0.002444
17.012500,1500,0.002444
17.024999,1500,-0.046432
17.037500,1500,-0.046432
17.049999,1500,-0.046432
17.062503,1500,-0.046432
17.075004,1500,-0.046432
17.087503,1500,-0.046432
17.100004,1500,0.002444
17.112503,1500,-0.046432
17.125000,1500,0.002444
17.137504,1500,0.002444
17.149999,1500,0.002444
17.162500,1500,0.051320
17.174999,1500,0.051320
17.187500,1500,0.002444
17.200004,1500,0.002444
17.212499,1500,-0.046432
17.225000,1500,-0.046432
17.237503,1500,0.002444
17.250000,1500,-0.046432
17.262504,1500,-0.046432
17.274999,1500,0.002444
17.287504,1500,-0.046432
17.300003,1500,-0.046432
17.312500,1500,0.002444
17.325000,1500,-0.046432
17.337499,1500,-0.046432
17.350004,1500,-0.046432
17.362499,1500,-0.046432
17.375003,1500,-0.046432
17.387500,1500,-0.046432
17.400003,1500,-0.046432
17.412500,1500,-0.046432
17.424999,1500,0.002444
17.437503,1500,0.002444
17.450004,1500,-0.046432
17.462503,1500,0.002444
17.475000,1500,-0.046432
17.487503,1500,0.002444
17.500000,1500,-0.046432
17.512500,1500,0.002444
17.525003,1500,0.002444
17.537500,1500,0.002444
17.549999,1500,0.002444
17.562500,1500,0.002444
17.575004,1500,0.002444
17.587499,1500,-0.046432
17.600004,1500,0.051320
17.612503,1500,0.002444
17.625003,1500,0.002444
17.637504,1500,-0.046432
17.649999,1500,0.002444
17.662504,1500,-0.046432
17.675003,1500,0.002444
17.687500,1500,-0.046432
17.700004,1500,0.002444
17.712503,1500,0.002444
17.725004,1500,0.002444
17.737503,1500,0.002444
17.750000,1500,-0.046432
17.762500,1800,0.002444
17.774999,1800,-5.569404
17.787504,1800,-6.889051
17.799999,1800,-5.764907
17.812500,1800,0.002444
17.825004,1800,0.002444
17.837499,1800,0.002444
17.850000,1800,0.002444
17.862499,1800,0.051320
17.875000,1800,0.002444
17.887504,1800,0.002444
17.899999,1800,0.002444
17.912504,1800,0.002444
17.924999,1800,0.002444
17.937503,1800,0.002444
17.950004,1800,0.002444
17.962503,1800,0.002444
17.975000,1800,0.002444
17.987503,1800,0.002444
18.000000,1800,0.002444
18.012500,1800,-0.290811
18.024999,1800,-0.388563
18.037500,1800,-0.388563
18.050008,1800,-0.339687
18.062503,1800,-0.193059
18.075004,1800,-0.095308
18.087499,1800,-0.193059
18.100000,1800,-0.144184
18.112499,1800,-0.193059
18.125000,1800,-0.046432
18.137500,1800,-0.095308
18.149999,1800,0.002444
18.162500,1800,-0.046432
18.174999,1800,-0.290811
18.187503,1800,-0.290811
18.200008,1800,-1.317205
18.212503,1800,-1.708212
18.225000,1800,-1.414957
18.237499,1800,-2.099218
18.250003,1800,-4.200881
18.262504,1800,-3.858747
18.275003,1800,-4.836266
18.287500,1800,-4.152005
18.299999,1800,-4.445260
18.312503,1800,-3.076735
18.325000,1800,-4.249756
18.337503,1800,-4.054253
18.350000,1800,-4.249756
18.362499,1800,-4.152005
18.375000,1800,-4.200881
18.387508,1800,-4.054253
18.399999,1800,-4.103129
18.412504,1800,-4.005377
18.424999,1800,-3.614368
18.437503,1800,-4.249756
18.450000,1800,-2.636852
18.462503,1800,-4.005377
18.475004,1800,-3.223362
18.487499,1800,-3.956501
18.500003,1800,-4.005377
18.512508,1800,-4.298632
18.524999,1800,-3.858747
18.537500,1800,-4.005377
18.550003,1800,-3.809872
18.562500,1800,-4.054253
18.575004,1800,-4.005377
18.587499,1800,-4.249756
18.600004,1800,-3.712120
18.612499,1800,-4.103129
18.625003,1800,-3.760996
18.637504,1800,-4.054253
18.649999,1800,-4.200881
18.662508,1800,-3.712120
18.675003,1800,-3.858747
18.687503,1800,-4.054253
18.700000,1800,-4.005377
18.712499,1800,-2.685728
18.725000,1800,-4.249756
18.737503,1800,-3.858747
18.750003,1800,-4.054253
18.762500,1800,-3.907626
18.775003,1800,-4.103129
18.787500,1800,-4.103129
18.799999,1800,-4.249756
18.812500,1800,-3.907626
18.825000,1800,-3.956501
18.837499,1800,-4.005377
18.850004,1800,-3.565493
18.862503,1800,-4.249756
18.875003,1800,-2.734604
18.887500,1800,-4.152005
18.899999,1800,-3.956501
18.912504,1800,-4.249756
18.924999,1800,-4.103129
18.937500,1800,-4.445260
18.950004,1800,-3.956501
18.962503,1800,-4.054253
18.975000,1800,-3.956501
18.987503,1800,-2.783480
19.000000,1800,-4.249756
19.012500,1800,-3.956501
19.025003,1800,-4.103129
19.037504,1800,-3.907626
19.050003,1800,-4.298632
19.062500,1800,-4.152005
19.075004,1800,-4.200881
19.087499,1800,-3.858747
19.100000,1800,-3.907626
19.112499,1800,-3.956501
19.125003,1800,-3.809872
19.137500,1800,-4.152005
19.149999,1800,-2.832355
19.162504,1800,-3.956501
19.174999,1800,-3.614368
19.187507,1800,-4.054253
19.200000,1800,-2.930107
19.212503,1800,-4.200881
19.225004,1800,-2.978983
19.237499,1800,-3.858747
19.250003,1800,-2.783480
19.262504,1800,-3.858747
19.275003,1800,-2.881231
19.287508,1800,-4.200881
19.299999,1800,-2.636852
19.312500,1800,-3.858747
19.325004,1800,-3.125610
19.337503,1800,-3.956501
19.350000,1800,-2.685728
19.362503,1800,-4.152005
19.375000,1800,-3.760996
19.387512,1800,-4.005377
19.400003,1800,-3.760996
19.412504,1800,-3.907626
19.425008,1800,-3.907626
19.437500,1800,-4.200881
19.450000,1800,-3.712120
19.462503,1800,-4.103129
19.475000,1800,-3.712120
19.487499,1800,-3.858747
19.500000,1800,-4.005377
19.512504,1800,-3.565493
19.524999,1800,-3.712120
19.537500,1800,-3.467741
19.550003,1800,-3.809872
19.562503,1800,-2.636852
19.575004,1800,-4.152005
19.587503,1800,-3.760996
19.600000,1800,-4.005377
19.612499,1800,-3.760996
19.625000,1800,-3.712120
19.637500,1800,-4.054253
19.650003,1800,-3.418865
19.662504,1800,-4.005377
19.675003,1800,-3.760996
19.687500,1800,-4.005377
19.700000,1800,-4.103129
19.712503,1800,-3.467741
19.725008,1800,-3.809872
19.737499,1800,-3.027859
19.750007,1800,-3.858747
19.762504,1500,-4.054253
19.774999,1500,0.149071
19.787500,1500,0.051320
19.799999,1500,0.002444
19.812500,1500,0.002444
19.825004,1500,0.100195
19.837499,1500,0.002444
19.850000,1500,0.002444
19.862503,1500,0.002444
19.875000,1500,0.002444
19.887504,1500,0.002444
19.899999,1500,0.002444
19.912500,1500,0.002444
19.925003,1500,0.002444
19.937500,1500,-0.046432
19.950004,1500,0.002444
19.962503,1500,0.002444
19.975000,1500,0.002444
19.987499,1500,0.002444
20.000003,1500,0.051320
20.012504,1500,0.051320
20.025003,1500,0.002444
20.037500,1500,0.002444
20.050003,1500,0.002444
20.062503,1500,0.002444
20.075000,1500,0.002444
20.087503,1500,0.002444
20.100000,1500,0.002444
20.112503,1500,0.002444
20.125000,1500,0.002444
20.137504,1500,0.002444
20.149999,1500,0.002444
20.162500,1500,0.002444
20.174999,1500,0.002444
20.187500,1500,0.002444
20.200004,1500,0.002444
20.212499,1500,0.002444
20.225004,1500,0.002444
20.237503,1500,0.002444
20.250000,1500,0.002444
20.262500,1500,0.002444
20.274999,1500,0.002444
20.287504,1500,0.002444
20.299999,1500,0.051320
20.312500,1500,0.051320
20.325000,1500,0.002444
20.337499,1500,0.002444
20.350004,1500,0.002444
20.362503,1500,0.002444
20.375000,1500,0.002444
20.387504,1500,0.002444
20.399999,1500,0.002444
20.412504,1500,0.002444
20.425003,1500,0.002444
20.437500,1500,0.002444
20.450000,1500,0.002444
20.462503,1500,0.002444
20.475000,1500,0.002444
20.487499,1500,-0.046432
20.500003,1500,0.051320
20.512500,1500,0.002444
20.525003,1500,0.002444
20.537504,1500,0.002444
20.549999,1500,0.051320
20.562503,1500,0.002444
20.575004,1500,0.002444
20.587503,1500,0.002444
20.600004,1500,0.051320
20.612499,1500,0.002444
20.625000,1500,0.002444
20.637500,1500,0.002444
20.649999,1500,0.002444
20.662504,1500,0.051320
20.675003,1500,0.002444
20.687500,1500,0.002444
20.700000,1500,0.002444
20.712503,1500,0.002444
20.725004,1500,0.002444
20.737499,1500,0.002444
20.750003,1500,0.002444
20.762500,1800,0.002444
20.775003,1800,0.051320
20.787508,1800,0.002444
20.800003,1800,0.002444
20.812500,1800,0.002444
20.825000,1800,0.002444
20.837507,1800,-0.046432
20.850000,1800,0.002444
20.862499,1800,0.051320
20.875000,1800,-5.618280
20.887500,1800,-6.546920
20.899999,1800,-0.339687
20.912500,1800,-0.290811
20.925003,1800,-0.290811
20.937503,1800,-0.144184
20.950000,1800,-0.193059
20.962499,1800,-0.144184
20.975000,1800,-0.095308
20.987499,1800,-0.095308
21.000000,1800,-0.095308
21.012504,1800,-0.144184
21.025003,1800,-0.046432
21.037504,1800,-0.388563
21.050003,1800,-0.828447
21.062507,1800,-0.632942
21.075000,1800,-1.659336
21.087499,1800,-1.414957
21.100000,1800,-2.050343
21.112499,1800,-3.467741
21.125000,1800,-3.223362
21.137504,1800,-4.298632
21.150003,1800,-4.445260
21.162500,1800,-4.298632
21.174999,1800,-4.054253
21.187500,1800,-4.249756
21.200004,1800,-3.223362
21.212503,1800,-3.956501
21.225000,1800,-3.907626
21.237503,1800,-4.200881
21.250000,1800,-4.152005
21.262500,1800,-4.396384
21.274999,1800,-3.809872
21.287500,1800,-4.200881
21.300003,1800,-3.760996
21.312503,1800,-4.054253
21.325004,1800,-4.005377
21.337503,1800,-3.614368
21.350000,1800,-3.956501
21.362499,1800,-3.614368
21.375003,1800,-3.809872
21.387504,1800,-2.881231
21.399999,1800,-4.249756
21.412500,1800,-3.809872
21.424999,1800,-4.152005
21.437503,1800,-3.858747
21.450004,1800,-4.103129
21.462499,1800,-4.054253
21.475000,1800,-3.467741
21.487503,1800,-3.809872
21.500003,1800,-2.587976
21.512504,1800,-3.956501
21.524999,1800,-4.054253
21.537504,1800,-3.565493
21.550003,1800,-3.858747
21.562500,1800,-3.760996
21.575004,1800,-3.956501
21.587503,1800,-4.054253
21.600008,1800,-3.760996
21.612499,1800,-4.054253
21.625000,1800,-3.760996
21.637504,1800,-3.760996
21.650003,1800,-4.152005
21.662504,1800,-3.809872
21.674999,1800,-2.685728
21.687503,1800,-4.103129
21.700000,1800,-4.054253
21.712499,1800,-3.760996
21.725004,1800,-4.152005
21.737503,1800,-3.907626
21.750000,1800,-4.005377
21.762504,1500,-3.321114
21.775003,1500,0.149071
21.787504,1500,0.100195
21.800003,1500,0.051320
21.812500,1500,0.002444
21.825004,1500,-0.046432
21.837499,1500,0.002444
21.850000,1500,0.002444
21.862503,1500,0.002444
21.875000,1500,0.002444
21.887504,1500,0.002444
21.900003,1500,0.002444
21.912500,1500,0.002444
21.925003,1500,0.002444
21.937500,1500,0.002444
21.950000,1500,-0.046432
21.962499,1500,0.002444
21.975000,1500,-0.046432
21.987503,1500,0.002444
22.000000,1500,0.051320
22.012500,1500,0.002444
22.024999,1500,0.002444
22.037500,1500,0.002444
22.050003,1500,0.002444
22.062500,1500,0.002444
22.075004,1500,0.002444
22.087499,1500,0.002444
22.100000,1500,-0.046432
22.112499,1500,0.002444
22.125000,1500,0.002444
22.137504,1500,0.002444
22.149999,1500,0.051320
22.162504,1500,0.002444
22.174999,1500,0.002444
22.187500,1500,0.002444
22.200000,1500,0.002444
22.212503,1500,0.002444
22.225011,1500,0.002444
22.237503,1500,0.002444
22.250000,1500,0.002444
22.262500,1500,0.002444
22.274999,1500,0.002444
22.287504,1500,-0.046432
22.299999,1500,0.002444
22.312503,1500,0.002444
22.325004,1500,-0.046432
22.337499,1500,0.051320
22.350000,1500,0.002444
22.362499,1500,-0.046432
22.375003,1500,0.051320
22.387504,1500,0.002444
22.399999,1500,0.002444
22.412504,1500,0.002444
22.425003,1500,0.002444
22.437500,1500,0.002444
22.450000,1500,0.002444
22.462503,1500,0.051320
22.475000,1500,0.002444
22.487503,1500,0.002444
22.500000,1500,0.002444
22.512500,1500,0.002444
22.525003,1500,0.002444
22.537504,1500,0.051320
22.549999,1500,0.002444
22.562500,1500,0.002444
22.575000,1500,0.002444
22.587507,1500,0.051320
22.600004,1500,0.051320
22.612503,1500,0.002444
22.625003,1500,0.002444
22.637504,1500,0.002444
22.650003,1500,0.002444
22.662504,1500,0.002444
22.674999,1500,-0.046432
22.687503,1500,0.002444
22.700004,1500,0.002444
22.712499,1500,0.002444
22.725000,1500,0.002444
22.737499,1500,0.002444
22.750003,1500,0.051320
22.762504,1800,-0.046432
22.774999,1800,0.051320
22.787500,1800,0.002444
22.800003,1800,0.051320
22.812500,1800,0.002444
22.825000,1800,0.002444
22.837503,1800,0.002444
22.850000,1800,0.002444
22.862503,1800,0.002444
22.875000,1800,-5.764907
22.887504,1800,-5.862659
22.899999,1800,-0.437439
22.912504,1800,-0.193059
22.924999,1800,-0.193059
22.937500,1800,-0.144184
22.950004,1800,-0.144184
22.962507,1800,-0.095308
22.975004,1800,-0.193059
22.987503,1800,-0.144184
23.000000,1800,-0.046432
23.012500,1800,-0.388563
23.025003,1800,-0.339687
23.037500,1800,-0.486314
23.050008,1800,-1.072826
23.062500,1800,-0.926199
23.075000,1800,-1.952591
23.087499,1800,-1.659336
23.100000,1800,-2.783480
23.112499,1800,-4.249756
23.125003,1800,-4.103129
23.137500,1800,-4.347508
23.150003,1800,-4.298632
23.162504,1800,-4.347508
23.174999,1800,-4.249756
23.187500,1800,-3.858747
23.200000,1800,-4.054253
23.212499,1800,-3.809872
23.225000,1800,-3.956501
23.237503,1800,-4.152005
23.250000,1800,-3.809872
23.262504,1500,-3.858747
23.275003,1500,0.149071
23.287504,1500,0.149071
23.299999,1500,0.051320
23.312500,1500,0.002444
23.325000,1500,0.002444
23.337499,1500,0.002444
23.350000,1500,0.002444
23.362499,1500,0.002444
23.375000,1500,0.002444
23.387504,1500,0.002444
23.400003,1500,0.002444
23.412504,1500,0.002444
23.425003,1500,0.002444
23.437503,1500,-0.046432
23.450000,1500,0.051320
23.462503,1500,0.002444
23.475000,1500,0.002444
23.487503,1500,0.002444
23.500000,1500,0.002444
23.512500,1500,-0.046432
23.524999,1500,0.002444
23.537504,1500,0.002444
23.549999,1500,0.002444
23.562500,1500,0.002444
23.575004,1500,0.002444
23.587499,1500,0.002444
23.600000,1500,0.002444
23.612503,1500,0.002444
23.625003,1500,0.002444
23.637504,1500,0.002444
23.649999,1500,0.002444
23.662504,1500,0.002444
23.674999,1500,-0.046432
23.687503,1500,0.002444
23.700004,1500,0.002444
23.712503,1500,0.002444
23.725004,1500,0.002444
23.737503,1500,-0.046432
23.750003,1500,0.002444
23.762500,1500,0.051320
23.774999,1500,0.002444
23.787500,1500,0.002444
23.799999,1500,0.002444
23.812503,1500,0.002444
23.825000,1500,0.002444
23.837499,1500,0.002444
23.850000,1500,0.002444
23.862503,1500,0.002444
23.875000,1500,-0.046432
23.887500,1500,0.002444
23.899999,1500,0.002444
23.912500,1500,0.002444
23.925003,1500,0.002444
23.937500,1500,0.002444
23.950000,1500,0.002444
23.962503,1500,0.002444
23.975000,1500,0.002444
23.987499,1500,0.002444
24.000000,1500,0.051320
24.012500,1500,0.002444
24.024999,1500,0.002444
24.037504,1500,0.002444
24.050003,1500,0.002444
24.062500,1500,0.002444
24.075004,1500,0.002444
24.087499,1500,0.002444
24.100000,1500,0.002444
24.112499,1500,0.051320
24.125003,1500,0.002444
24.137504,1500,0.002444
24.149999,1500,-0.046432
24.162500,1500,0.051320
24.174999,1500,0.002444
24.187500,1500,0.002444
24.200000,1500,-0.046432
24.212499,1500,-0.046432
24.225000,1500,0.002444
24.237499,1500,0.002444
24.250003,1500,0.002444
24.262500,1800,0.002444
24.275003,1800,0.002444
24.287504,1800,0.002444
24.299999,1800,0.002444
24.312503,1800,0.002444
24.325004,1800,0.002444
24.337499,1800,0.002444
24.350004,1800,0.002444
24.362499,1800,0.002444
24.375003,1800,-0.290811
24.387508,1800,-0.339687
24.400003,1800,-0.339687
24.412504,1800,-0.144184
24.424999,1800,-0.144184
24.437500,1800,-0.193059
24.450000,1800,-0.095308
24.462503,1800,-0.193059
24.475000,1800,-0.339687
24.487503,1800,-0.339687
24.500000,1800,-0.046432
24.512500,1500,-0.388563
24.525003,1500,-0.290811
24.537504,1500,0.002444
24.549999,1500,0.002444
24.562503,1500,0.002444
24.575004,1500,0.002444
24.587499,1500,-0.046432
24.600004,1500,-0.046432
24.612503,1500,0.002444
24.625003,1500,0.002444
24.637504,1500,-0.046432
24.649999,1500,0.002444
24.662504,1500,0.002444
24.674999,1500,0.002444
24.687500,1500,0.002444
24.700000,1500,0.002444
24.712503,1500,0.002444
24.725004,1500,-0.046432
24.737499,1500,0.002444
24.750003,1500,-0.046432
24.762504,1500,-0.046432
24.774999,1500,-0.046432
24.787500,1500,-0.046432
24.800003,1500,-0.046432
24.812503,1500,0.002444
24.825000,1500,0.002444
24.837499,1500,0.002444
24.850000,1500,-0.046432
24.862499,1500,-0.046432
24.875003,1500,-0.046432
24.887500,1500,0.002444
24.900003,1500,-0.046432
24.912500,1500,0.002444
24.925003,1500,-0.046432
24.937500,1500,-0.046432
24.950004,1500,0.051320
24.962499,1500,0.002444
24.975000,1500,0.051320
24.987499,1500,0.002444
25.000000,1500,0.002444
25.012500,1500,0.002444
25.024999,1500,-0.046432
25.037500,1500,0.002444
25.050003,1500,0.051320
25.062503,1500,0.002444
25.075000,1500,0.002444
25.087503,1500,0.002444
25.100000,1500,0.002444
25.112499,1500,0.002444
25.125000,1500,0.002444
25.137504,1500,0.051320
25.149999,1500,0.002444
25.162500,1500,0.002444
25.175003,1500,0.002444
25.187500,1500,0.002444
25.200004,1500,0.051320
25.212499,1500,0.051320
25.225004,1500,0.002444
25.237499,1500,-0.046432
25.250000,1500,0.002444
25.262500,1500,0.002444
25.274999,1500,-0.046432
25.287500,1500,0.002444
25.299999,1500,-0.046432
25.312500,1500,0.002444
25.325000,1500,-0.046432
25.337503,1500,-0.046432
25.350004,1500,0.002444
25.362503,1500,0.051320
25.375000,1500,0.002444
25.387504,1500,0.002444
25.399999,1500,0.002444
25.412504,1500,0.002444
25.425012,1500,0.002444
25.437503,1500,0.051320
25.450004,1500,0.002444
25.462503,1500,0.002444
25.475000,1500,0.002444
25.487499,1500,0.002444
25.500000,1500,0.002444
25.512500,1800,-0.046432
25.525003,1800,0.002444
25.537500,1800,0.002444
25.550003,1800,-0.046432
25.562500,1800,0.051320
25.575004,1800,0.002444
25.587503,1800,-0.046432
25.600000,1800,0.002444
25.612499,1800,0.002444
25.625003,1800,0.002444
25.637500,1500,-6.302541
25.650003,1500,-3.027859
25.662504,1500,-0.095308
25.675003,1500,0.002444
25.687500,1500,-0.046432
25.700004,1500,0.051320
25.712499,1500,-0.046432
25.725000,1500,0.002444
25.737499,1500,-0.046432
25.750003,1500,0.002444
25.762500,1500,-0.046432
25.775003,1500,0.002444
25.787508,1500,-0.046432
25.800003,1500,0.002444
25.812503,1500,-0.046432
25.825004,1500,0.002444
25.837503,1500,-0.046432
25.850000,1500,0.002444
25.862503,1500,-0.046432
25.875003,1500,-0.046432
25.887500,1500,0.002444
25.899999,1500,-0.046432
25.912504,1500,0.002444
25.925003,1500,0.002444
25.937500,1500,0.002444
25.950000,1500,0.002444
25.962503,1500,-0.046432
25.975004,1500,0.002444
25.987499,1500,0.002444
26.000003,1500,-0.046432
26.012504,1500,0.002444
26.025003,1500,-0.046432
26.037504,1500,0.002444
26.050003,1500,-0.046432
26.062500,1500,-0.046432
26.075000,1500,0.002444
26.087503,1500,-0.046432
26.100004,1500,0.002444
26.112503,1500,-0.046432
26.125000,1500,-0.046432
26.137504,1500,-0.046432
26.150007,1500,-0.046432
26.162500,1500,-0.046432
26.175003,1500,-0.046432
26.187500,1500,0.002444
26.200000,1500,0.002444
26.212503,1500,-0.046432
26.225000,1500,0.002444
26.237499,1500,-0.046432
26.250000,1500,0.002444
26.262500,1500,-0.046432
26.275003,1500,0.002444
26.287500,1500,-0.046432
26.300003,1500,-0.046432
26.312500,1500,0.002444
26.325000,1500,-0.046432
26.337503,1500,-0.046432
26.350004,1500,-0.046432
26.362499,1500,-0.046432
26.375003,1500,0.002444
26.387500,1500,0.002444
26.399999,1500,-0.046432
26.412504,1500,-0.046432
26.425003,1500,0.002444
26.437500,1500,0.002444
26.450004,1500,0.051320
26.462499,1500,0.002444
26.475000,1500,0.002444
26.487503,1500,-0.046432
26.500003,1500,0.002444
26.512504,1500,0.002444
26.525003,1500,-0.046432
26.537500,1500,0.002444
26.550003,1500,0.002444
26.562503,1500,-0.046432
26.575000,1500,0.002444
26.587503,1500,-0.046432
26.600000,1500,-0.046432
26.612499,1500,-0.046432
26.625000,1500,-0.046432
26.637504,1900,-0.046432
26.650003,1900,-0.046432
26.662500,1900,-5.031769
26.675003,1900,-6.204790
26.687500,1900,-4.591887
26.700004,1900,-5.520528
26.712503,1900,-4.591887
26.725000,1900,-4.396384
26.737499,1900,-5.764907
26.750003,1900,-5.960411
26.762500,1900,-5.813783
26.774999,1900,-4.640763
26.787504,1900,-5.325024
26.799999,1900,-4.445260
26.812503,1900,-5.373900
26.825000,1900,-5.716032
26.837499,1900,-5.227272
26.850000,1900,-4.787390
26.862503,1900,-5.422776
26.875003,1900,-4.005377
26.887504,1900,-4.836266
26.900003,1900,-3.858747
26.912500,1900,-5.276148
26.924999,1900,-4.152005
26.937500,1900,-5.618280
26.950004,1900,-5.227272
26.962499,1900,-5.471652
26.975000,1900,-5.227272
26.987503,1900,-5.471652
27.000003,1900,-5.373900
27.012500,1900,-5.667156
27.025003,1900,-4.640763
27.037500,1900,-5.471652
27.049999,1900,-5.129521
27.062500,1900,-3.956501
27.075000,1900,-5.471652
27.087499,1900,-5.227272
27.100004,1900,-5.422776
27.112503,1900,-5.178397
27.125000,1900,-4.836266
27.137504,1900,-5.325024
27.150003,1900,-5.129521
27.162504,1900,-5.618280
27.174999,1900,-4.885142
27.187500,1900,-5.422776
27.200004,1900,-5.716032
27.212503,1900,-4.934018
27.225000,1900,-4.347508
27.237499,1900,-5.276148
27.250003,1900,-5.178397
27.262504,1900,-3.369989
27.275003,1900,-5.325024
27.287504,1900,-4.689639
27.300003,1900,-4.787390
27.312500,1900,-5.667156
27.325000,1900,-4.494135
27.337499,1900,-5.178397
27.350004,1900,-4.885142
27.362499,1900,-5.471652
27.375003,1900,-5.031769
27.387504,1900,-3.809872
27.400003,1900,-5.520528
27.412504,1900,-5.373900
27.425003,1900,-4.640763
27.437500,1900,-3.223362
27.450000,1900,-5.227272
27.462499,1900,-5.276148
27.475000,1900,-4.347508
27.487499,1900,-3.663244
27.500000,1900,-5.520528
27.512504,1900,-5.325024
27.524999,1900,-4.787390
27.537504,1900,-5.031769
27.550003,1900,-5.276148
27.562503,1900,-5.373900
27.575004,1900,-4.543011
27.587503,1900,-4.298632
27.600000,1900,-4.543011
27.612499,1900,-5.569404
27.625000,1900,-4.738514
27.637504,1900,-5.031769
27.649999,1900,-3.712120
27.662504,1900,-5.569404
27.675008,1900,-5.031769
27.687500,1900,-4.982893
27.700000,1900,-4.494135
27.712503,1900,-4.982893
27.725004,1900,-5.129521
27.737499,1900,-4.982893
27.750000,1900,-5.178397
27.762504,1900,-4.005377
27.775003,1900,-5.325024
27.787508,1900,-4.200881
27.799999,1900,-3.809872
27.812503,1900,-3.272238
27.825004,1900,-5.276148
27.837503,1900,-4.982893
27.850004,1900,-4.152005
27.862499,1900,-4.152005
27.875000,1900,-5.471652
27.887500,1900,-5.031769
27.899999,1900,-3.712120
27.912500,1900,-5.031769
27.924999,1900,-5.471652
27.937503,1900,-5.031769
27.950000,1900,-5.080645
27.962503,1900,-3.712120
27.975004,1900,-5.129521
27.987503,1900,-5.227272
28.000007,1900,-3.956501
28.012504,1900,-3.858747
28.025003,1900,-4.005377
28.037504,1900,-5.227272
28.050003,1900,-5.422776
28.062500,1900,-4.396384
28.075004,1900,-5.031769
28.087503,1900,-4.005377
28.100008,1900,-4.689639
28.112503,1900,-5.178397
28.125000,1900,-4.885142
28.137504,1900,-4.249756
28.149999,1900,-4.152005
28.162500,1900,-5.325024
28.175003,1900,-3.956501
28.187500,1900,-4.982893
28.200000,1900,-4.982893
28.212503,1900,-4.689639
28.225000,1900,-5.325024
28.237503,1900,-5.129521
28.250003,1900,-4.885142
28.262500,1900,-4.249756
28.275003,1900,-4.005377
28.287500,1900,-5.080645
28.300003,1900,-5.129521
28.312503,1900,-4.689639
28.325000,1900,-5.129521
28.337503,1900,-4.885142
28.350004,1900,-3.809872
28.362503,1900,-4.787390
28.375000,1900,-5.422776
28.387504,1900,-4.934018
28.399999,1900,-3.663244
28.412500,1900,-4.298632
28.424999,1900,-4.982893
28.437500,1900,-3.956501
28.450000,1900,-5.031769
28.462499,1900,-5.471652
28.475000,1900,-4.152005
28.487503,1900,-4.445260
28.500003,1900,-5.031769
28.512500,1900,-4.885142
28.525003,1900,-4.836266
28.537504,1900,-3.809872
28.549999,1900,-4.494135
28.562503,1900,-4.787390
28.575004,1900,-5.178397
28.587499,1900,-4.103129
28.600004,1900,-4.738514
28.612499,1900,-4.982893
28.625011,1900,-5.373900
28.637504,1500,-5.227272
28.649999,1500,-4.689639
28.662500,1500,0.100195
28.674999,1500,0.051320
28.687503,1500,0.002444
28.700004,1500,0.051320
28.712499,1500,0.002444
28.725004,1500,0.002444
28.737499,1500,0.002444
28.750003,1500,0.051320
28.762500,1500,0.002444
28.774999,1500,0.002444
28.787504,1500,0.051320
28.800003,1500,0.002444
28.812500,1500,0.002444
28.825004,1500,0.002444
28.837503,1500,0.002444
28.850000,1500,0.002444
28.862503,1500,0.002444
28.875000,1500,0.002444
28.887504,1500,0.002444
28.900003,1500,0.002444
28.912500,1500,0.002444
28.925003,1500,0.051320
28.937500,1500,0.051320
28.950000,1500,0.002444
28.962503,1500,0.002444
28.975000,1500,0.051320
28.987508,1500,0.002444
29.000003,1500,0.002444
29.012504,1500,0.002444
29.025003,1500,-0.046432
29.037504,1500,-0.046432
29.050003,1500,0.002444
29.062503,1500,0.002444
29.075000,1500,0.002444
29.087503,1500,0.002444
29.100000,1500,0.002444
29.112503,1500,0.002444
29.125000,1500,-0.046432
29.137500,1500,0.002444
29.150003,1500,-0.046432
29.162500,1500,0.002444
29.175003,1500,0.002444
29.187503,1500,0.002444
29.200000,1500,0.051320
29.212503,1500,0.002444
29.225004,1500,0.002444
29.237499,1500,0.002444
29.250003,1500,0.002444
29.262500,1500,0.051320
29.274999,1500,0.002444
29.287500,1500,0.002444
29.299999,1500,-0.046432
29.312500,1500,0.002444
29.325000,1500,0.002444
29.337499,1500,0.002444
29.350000,1500,-0.046432
29.362499,1500,0.002444
29.375003,1500,0.002444
29.387500,1500,0.002444
29.399999,1500,0.002444
29.412500,1500,0.051320
29.425003,1500,0.051320
29.437500,1500,0.002444
29.450004,1500,0.002444
29.462499,1500,0.002444
29.475000,1500,-0.046432
29.487499,1500,0.002444
29.500000,1500,0.002444
29.512500,1500,0.002444
29.525003,1500,0.002444
29.537500,1500,0.002444
29.550003,1500,0.002444
29.562503,1500,0.002444
29.575000,1500,0.002444
29.587499,1500,0.002444
29.600000,1500,0.002444
29.612499,1500,-0.046432
29.625000,1500,0.002444
29.637500,1900,-0.046432
29.649999,1900,0.002444
29.662500,1900,0.002444
29.675003,1900,0.002444
29.687500,1900,0.002444
29.700000,1900,0.002444
29.712503,1900,0.002444
29.725000,1900,0.051320
29.737503,1900,-0.046432
29.750000,1900,0.002444
29.762504,1900,-6.351417
29.774999,1900,-0.388563
29.787504,1900,-0.388563
29.799999,1900,-0.437439
29.812500,1900,-0.241935
29.825004,1900,-0.144184
29.837503,1900,-0.193059
29.850004,1900,-0.144184
29.862499,1900,-0.046432
29.875003,1900,-0.095308
29.887508,1900,-0.046432
29.899999,1900,-0.339687
29.912500,1900,-0.241935
29.924999,1900,-0.144184
29.937500,1900,-0.486314
29.950004,1900,-0.437439
29.962499,1900,-1.463833
29.975000,1900,-1.414957
29.987503,1900,-1.610460
30.000003,1900,-2.930107
30.012500,1900,-4.494135
30.024999,1900,-4.445260
30.037504,1900,-4.982893
30.049999,1900,-4.982893
30.062503,1900,-5.520528
30.075000,1900,-5.373900
30.087499,1900,-5.031769
30.100004,1900,-3.956501
30.112499,1900,-5.325024
30.125003,1900,-4.298632
30.137504,1900,-5.080645
30.150003,1900,-5.178397
30.162504,1900,-5.325024
30.175003,1900,-4.347508
30.187503,1900,-4.787390
30.200004,1900,-5.471652
30.212503,1900,-4.103129
30.225004,1900,-3.712120
30.237503,1900,-3.565493
30.250003,1900,-5.080645
30.262504,1900,-4.934018
30.274999,1900,-4.152005
30.287500,1900,-5.471652
30.300003,1900,-4.591887
30.312503,1900,-3.809872
30.325000,1900,-5.227272
30.337499,1900,-4.787390
30.350004,1900,-4.396384
30.362503,1900,-4.934018
30.375003,1900,-4.445260
30.387504,1900,-5.276148
30.400003,1900,-4.298632
30.412504,1900,-4.836266
30.425003,1900,-5.129521
30.437503,1900,-4.787390
30.450000,1900,-3.956501
30.462499,1900,-5.080645
30.475004,1900,-4.836266
30.487499,1900,-5.178397
30.500000,1900,-4.787390
30.512504,1900,-4.103129
30.524999,1900,-3.712120
30.537500,1900,-4.836266
30.550003,1900,-5.080645
30.562503,1900,-3.614368
30.575004,1900,-4.396384
30.587499,1900,-5.031769
30.600000,1900,-4.787390
30.612503,1900,-5.325024
30.625003,1900,-4.005377
30.637504,1500,-4.640763
30.649999,1500,-4.640763
30.662504,1500,0.100195
30.675003,1500,0.051320
30.687500,1500,0.051320
30.700000,1500,0.002444
30.712503,1500,0.002444
30.725004,1500,0.002444
30.737499,1500,0.002444
30.750003,1500,0.002444
30.762500,1500,-0.046432
30.775003,1500,0.002444
30.787500,1500,0.002444
30.799999,1500,0.002444
30.812503,1500,0.002444
30.825000,1500,0.002444
30.837499,1500,0.002444
30.850000,1500,-0.046432
30.862503,1500,0.002444
30.875000,1500,0.002444
30.887504,1500,0.002444
30.900003,1500,0.002444
30.912500,1500,0.002444
30.925003,1500,0.002444
30.937500,1500,0.002444
30.950004,1500,-0.046432
30.962503,1500,0.002444
30.975000,1500,0.002444
30.987503,1500,0.002444
31.000000,1500,0.002444
31.012504,1500,0.002444
31.025003,1500,0.002444
31.037500,1500,0.002444
31.049999,1500,0.002444
31.062500,1500,0.002444
31.075004,1500,0.002444
31.087499,1500,0.002444
31.100004,1500,0.002444
31.112503,1500,0.002444
31.125000,1500,0.002444
31.137504,1500,0.002444
31.150003,1500,0.002444
31.162504,1500,-0.046432
31.175003,1500,-0.046432
31.187500,1500,0.002444
31.200004,1500,0.051320
31.212499,1500,0.051320
31.225004,1500,0.002444
31.237499,1500,0.002444
31.250003,1500,0.002444
31.262500,1500,0.002444
31.275003,1500,0.002444
31.287500,1500,0.051320
31.299999,1500,0.002444
31.312503,1500,-0.046432
31.325004,1500,0.002444
31.337499,1500,0.051320
31.350004,1500,0.051320
31.362499,1500,0.002444
31.375003,1500,0.002444
31.387500,1500,-0.046432
31.400003,1500,-0.046432
31.412504,1500,0.002444
31.425003,1500,0.002444
31.437500,1500,0.051320
31.450004,1500,0.002444
31.462499,1500,0.051320
31.475000,1500,0.002444
31.487503,1500,0.051320
31.500000,1500,0.002444
31.512500,1500,0.002444
31.525003,1500,0.051320
31.537504,1500,0.002444
31.549999,1500,0.002444
31.562500,1500,0.002444
31.575004,1500,0.002444
31.587503,1500,0.002444
31.600000,1500,0.002444
31.612503,1500,0.002444
31.625003,1500,-0.046432
31.637504,1900,0.002444
31.650003,1900,0.002444
31.662500,1900,0.002444
31.675003,1900,0.002444
31.687503,1900,0.051320
31.700000,1900,0.051320
31.712499,1900,0.002444
31.725000,1900,0.002444
31.737503,1900,-0.046432
31.750000,1900,0.002444
31.762504,1900,-5.960411
31.775003,1900,-0.632942
31.787504,1900,-0.388563
31.799999,1900,-0.339687
31.812503,1900,-0.388563
31.825012,1900,-0.290811
31.837499,1900,-0.144184
31.850004,1900,-0.144184
31.862503,1900,-0.095308
31.875003,1900,-0.144184
31.887500,1900,-0.144184
31.900003,1900,-0.095308
31.912500,1900,-0.095308
31.925008,1900,-0.095308
31.937500,1900,-0.388563
31.950004,1900,-0.290811
31.962499,1900,-0.632942
31.975000,1900,-1.757088
31.987499,1900,-1.023951
32.000003,1900,-1.952591
32.012504,1900,-3.418865
32.025005,1900,-1.903715
32.037502,1900,-4.591887
32.049999,1900,-4.689639
32.062500,1900,-4.347508
32.075000,1900,-5.373900
32.087501,1900,-5.129521
32.099998,1900,-5.031769
32.112506,1900,-5.325024
32.125000,1900,-4.396384
32.137500,1500,-5.227272
32.150005,1500,-5.031769
32.162502,1500,0.100195
32.174999,1500,0.051320
32.187507,1500,0.002444
32.200004,1500,0.051320
32.212501,1500,0.002444
32.225002,1500,0.002444
32.237499,1500,0.002444
32.250003,1500,-0.046432
32.262504,1500,0.002444
32.275001,1500,0.051320
32.287498,1500,0.002444
32.299999,1500,-0.046432
32.312503,1500,0.002444
32.325004,1500,0.051320
32.337505,1500,0.051320
32.349998,1500,0.002444
32.362499,1500,0.002444
32.375003,1500,0.002444
32.387500,1500,0.002444
32.400001,1500,0.002444
32.412502,1500,0.002444
32.425003,1500,0.002444
32.437500,1500,-0.046432
32.450000,1500,0.002444
32.462505,1500,0.002444
32.474998,1500,0.051320
32.487503,1500,0.002444
32.500000,1500,0.051320
32.512500,1500,0.002444
32.525005,1500,0.051320
32.537502,1500,0.002444
32.550006,1500,0.002444
32.562500,1500,0.002444
32.575004,1500,0.051320
32.587501,1500,0.002444
32.599998,1500,0.002444
32.612499,1500,0.002444
32.625000,1500,0.002444
32.637504,1500,0.002444
32.650001,1500,0.002444
32.662502,1500,0.002444
32.674999,1500,0.002444
32.687500,1500,-0.046432
32.700004,1500,0.002444
32.712501,1500,0.002444
32.725002,1500,-0.046432
32.737499,1500,0.051320
32.750003,1500,0.002444
32.762500,1500,0.002444
32.775001,1500,0.002444
32.787498,1500,0.051320
32.799999,1500,0.002444
32.812503,1500,0.002444
32.825000,1500,-0.046432
32.837505,1500,0.002444
32.849998,1500,0.051320
32.862503,1500,0.002444
32.875000,1500,0.002444
32.887504,1500,-0.046432
32.900001,1500,0.002444
32.912498,1500,0.002444
32.925003,1500,0.002444
32.937500,1500,0.002444
32.950004,1500,0.002444
32.962501,1500,0.002444
32.974998,1500,0.051320
32.987503,1500,0.051320
33.000003,1500,-0.046432
33.012504,1500,0.051320
33.025005,1500,0.002444
33.037498,1500,0.051320
33.050003,1500,0.002444
33.062500,1500,0.002444
33.075004,1500,0.002444
33.087505,1500,0.002444
33.099998,1500,0.002444
33.112503,1500,0.002444
33.125000,1500,0.002444
33.137500,1900,-0.046432
33.150001,1900,0.002444
33.162498,1900,0.002444
33.175003,1900,0.002444
33.187500,1900,0.002444
33.200004,1900,0.051320
33.212505,1900,0.002444
33.224998,1900,0.051320
33.237499,1900,0.002444
33.250000,1900,0.051320
33.262504,1900,-5.276148
33.275005,1900,-0.339687
33.287502,1900,-0.388563
33.299999,1900,-0.290811
33.312500,1900,-0.095308
33.325000,1900,-0.095308
33.337505,1900,-0.095308
33.349998,1900,-0.144184
33.362499,1900,-0.046432
33.375000,1900,-0.095308
33.387504,1500,-0.095308
33.400001,1500,0.051320
33.412502,1500,-0.046432
33.424999,1500,0.002444
33.437503,1500,0.002444
33.450000,1500,0.002444
33.462505,1500,0.002444
33.474998,1500,-0.046432
33.487503,1500,-0.046432
33.500003,1500,-0.046432
33.512504,1500,0.002444
33.525005,1500,-0.046432
33.537498,1500,0.002444
33.550003,1500,-0.046432
33.562500,1500,-0.046432
33.575004,1500,-0.046432
33.587505,1500,-0.046432
33.599998,1500,0.002444
33.612503,1500,0.002444
33.625003,1500,0.002444
33.637504,1500,0.002444
33.650001,1500,0.002444
33.662502,1500,0.002444
33.674999,1500,0.002444
33.687500,1500,0.002444
33.700000,1500,-0.046432
33.712501,1500,0.002444
33.725002,1500,-0.046432
33.737503,1500,0.002444
33.750003,1500,0.002444
33.762500,1500,0.002444
33.775001,1500,0.002444
33.787498,1500,-0.046432
33.800003,1500,-0.046432
33.812500,1500,-0.046432
33.825000,1500,0.002444
33.837501,1500,-0.046432
33.850002,1500,-0.046432
33.862503,1500,0.002444
33.875000,1500,0.002444
33.887504,1500,0.002444
33.900005,1500,-0.046432
33.912502,1500,-0.046432
33.924999,1500,0.002444
33.937503,1500,0.002444
33.950000,1500,0.002444
33.962505,1500,-0.046432
33.975002,1500,0.002444
33.987499,1500,-0.046432
34.000003,1500,0.002444
34.012504,1500,0.002444
34.025005,1500,0.002444
34.037498,1500,0.002444
34.050003,1500,0.051320
34.062500,1500,0.051320
34.075004,1500,0.002444
34.087505,1500,-0.046432
34.100002,1500,0.002444
34.112503,1500,0.002444
34.125000,1500,0.002444
34.137504,1500,0.002444
34.150009,1500,0.002444
34.162502,1500,0.002444
34.175003,1500,0.051320
34.187503,1500,-0.046432
34.200000,1500,0.002444
34.212501,1500,0.002444
34.225002,1500,0.002444
34.237499,1500,0.051320
34.250003,1500,0.002444
34.262500,1500,0.051320
34.275001,1500,0.002444
34.287498,1500,0.051320
34.299999,1500,0.002444
34.312503,1500,0.002444
34.325004,1500,0.002444
34.337501,1500,0.051320
34.350002,1500,0.002444
34.362503,1500,0.002444
34.375003,1500,0.051320
34.387504,1900,0.002444
34.400001,1900,0.002444
34.412498,1900,0.002444
34.424999,1900,0.002444
34.437500,1900,0.002444
34.450004,1900,0.002444
34.462505,1900,-0.046432
34.475002,1900,0.002444
34.487503,1900,0.051320
34.500000,1900,-5.764907
34.512504,1500,-0.437439
34.525001,1500,-0.339687
34.537498,1500,-0.046432
34.549999,1500,0.002444
34.562503,1500,0.002444
34.575000,1500,0.002444
34.587505,1500,0.002444
34.599998,1500,-0.046432
34.612503,1500,0.002444
34.625000,1500,0.002444
34.637504,1500,-0.046432
34.650005,1500,-0.046432
34.662502,1500,0.002444
34.674999,1500,-0.046432
34.687503,1500,0.002444
34.700004,1500,-0.046432
34.712505,1500,0.002444
34.725002,1500,0.002444
34.737499,1500,-0.046432
34.750000,1500,0.002444
34.762500,1500,0.002444
34.775005,1500,0.002444
34.787498,1500,-0.046432
34.800003,1500,0.002444
34.812503,1500,-0.046432
34.825004,1500,0.002444
34.837505,1500,-0.046432
34.850002,1500,-0.046432
34.862503,1500,0.002444
34.875000,1500,-0.046432
34.887500,1500,-0.046432
34.900001,1500,0.002444
34.912502,1500,0.002444
34.925003,1500,-0.046432
34.937503,1500,0.002444
34.950000,1500,0.002444
34.962505,1500,-0.046432
34.975002,1500,-0.046432
34.987503,1500,0.002444
35.000000,1500,0.002444
35.012500,1500,0.002444
35.025001,1500,0.002444
35.037498,1500,0.002444
35.049999,1500,-0.046432
35.062503,1500,0.002444
35.075000,1500,-0.046432
35.087501,1500,0.002444
35.100002,1500,-0.046432
35.112499,1500,-0.046432
35.125003,1500,-0.046432
35.137504,1500,-0.046432
35.150005,1500,-0.046432
35.162502,1500,-0.046432
35.175003,1500,-0.046432
35.187500,1500,0.002444
35.200004,1500,-0.046432
35.212505,1500,0.002444
35.225002,1500,0.002444
35.237499,1500,0.002444
35.250000,1500,0.002444
35.262504,1500,0.002444
35.275001,1500,0.002444
35.287502,1500,0.002444
35.299999,1500,0.002444
35.312503,1500,0.002444
35.325004,1500,-0.046432
35.337505,1500,0.002444
35.350002,1500,-0.046432
35.362503,1500,0.002444
35.375003,1500,-0.095308
35.387512,1500,0.002444
35.400001,1500,-0.046432
35.412498,1500,0.002444
35.424999,1500,-0.046432
35.437500,1500,0.002444
35.450004,1500,-0.046432
35.462505,1500,-0.095308
35.475002,1500,0.002444
35.487503,1500,-0.046432
35.500003,1500,0.002444
